1732024285553134080 -2357.918213 1193.803467 1349.653366 -1.2463854058393673 0.44251037206960625 87.02778769472837
1732024285619509248 -2356.737549 1190.990723 1350.998093 -0.7772918135994843 0.16243508957772732 86.52350180976748
1732024285652693504 -2355.856934 1189.422974 1353.369324 -0.8218922045037313 0.23756517198583596 86.22649682715505
1732024285686033152 -2354.855469 1187.86853 1356.947144 -1.0172631388224318 0.16966476650011306 86.01812278341242
1732024285719373824 -2353.672852 1186.391968 1361.71373 -1.136424562577104 0.23889197953084654 85.79952691261651
1732024285752715008 -2351.643555 1185.340698 1371.1872250000001 -1.49970114129458 0.6133656561004788 85.56587174644092
1732024285786055936 -2349.903809 1184.727783 1379.613434 -1.7033693127477427 0.6736398357352921 85.54329566563352
1732024285819397120 -2348.122559 1184.13855 1389.4981989999999 -1.6278430977487521 0.4600111179774238 85.45225437834073
1732024285852738304 -2346.260254 1183.785522 1403.733444 -1.4620505448211036 0.6709919862861865 85.4083404207621
1732024285886080000 -2344.978516 1183.321045 1415.144852 -1.1938661833383128 0.8463568451790789 85.42194183877396
1732024285919421696 -2343.874512 1183.174683 1427.049408 -0.7266491180472215 0.9509572860586019 85.44655366802547
1732024285952763136 -2342.399902 1182.835938 1443.759216 -0.35026436363180324 0.8961551654597774 85.55680533618016
1732024285986105088 -2341.578613 1182.909668 1456.7757569999999 -0.07907512734407404 0.7576030690348083 85.62857918025558
1732024286019446784 -2340.731201 1182.89502 1469.258423 0.24347944792505477 0.8254229241183956 85.555200409901
1732024286052788736 -2340.038574 1182.726807 1485.221039 0.5486580664037826 0.8015297063550931 85.44617902225211
1732024286086130688 -2339.712158 1183.281982 1497.3908079999999 0.581645296820093 0.5475643996576393 85.45129114768247
1732024286119472384 -2339.486328 1183.42981 1508.8873290000001 0.4138694987863463 0.6385006503930476 85.34802737292425
1732024286152814336 -2338.934082 1183.655273 1523.728729 0.5244544091305654 0.6484971212545341 85.16968362961516
1732024286186157056 -2338.121826 1183.71521 1534.707153 0.8206759677454681 0.6540377788244159 84.96676544707402
1732024286219499520 -2337.245605 1183.815063 1545.618774 1.015607534246754 0.6624090370836961 84.81977385556996
1732024286252842496 -2335.593018 1183.791138 1560.017822 1.2500363675867625 0.778914389895314 84.63956274292907
1732024286286184704 -2334.356445 1184.001099 1570.823914 1.3145009961870364 0.6437896761711099 84.66135002977907
1732024286319527936 -2332.990967 1183.924805 1581.490936 1.4598341682900025 0.5386508371651051 84.57209140504762
1732024286352871168 -2331.338135 1184.377319 1595.7335209999999 1.4172635572969683 0.45602592779478873 84.54333456132234
1732024286386214400 -2330.150146 1184.518188 1605.984253 1.4739409526867258 0.44714364471042917 84.44199646600643
1732024286419557632 -2328.851807 1184.88623 1616.134857 1.6354749594772924 0.3396453949137502 84.38994305505224
1732024286452901120 -2327.818848 1185.615112 1626.347961 1.452134521798756 0.5270578149120865 84.31391942233934
1732024286486244608 -2326.59375 1186.556763 1639.886841 1.3381485883609936 0.5592087668314298 84.24155113290983
1732024286519588352 -2325.761963 1187.305542 1649.793488 1.2131501999155532 0.53257358456697 84.22121545008937
1732024286552932352 -2324.671387 1188.664062 1662.700775 1.0145401602201696 0.6958311527513658 84.15430320778907
1732024286586274816 -2323.947998 1189.768433 1672.3000180000001 0.9558116780735894 0.6679660227626518 84.12348445784393
1732024286619618816 -2323.419922 1190.668701 1681.490143 1.001203862643806 0.7848465517696526 83.98061215731188
1732024286652963072 -2322.876709 1191.847656 1693.379883 1.2894259162743253 0.8210396221921917 83.89077018157656
1732024286686315520 -2322.562988 1192.629028 1702.2699890000001 1.5554936528014138 0.6806365108021369 83.83175526517168
1732024286719668224 -2322.50708 1193.005859 1710.717377 1.8755004831050002 0.8290382026739002 83.60412481829535
1732024286753021184 -2322.689209 1194.380737 1722.3920289999999 1.9397283752496526 0.7417222975716982 83.63474693945341
1732024286786374912 -2322.892578 1194.825562 1730.5214839999999 2.1073770301109533 0.8619176356530329 83.48658127981305
1732024286819728896 -2323.237549 1195.389526 1738.790894 2.164725509574756 0.9103103544388115 83.37613761867559
1732024286853083136 -2323.979248 1195.828247 1749.5302729999999 2.3183086001928404 1.2257761410864692 83.13568924158119
1732024286886437888 -2324.270752 1196.607544 1758.319824 2.284691595018816 1.051870540922533 83.00294206486163
1732024286919793408 -2324.698486 1196.452271 1765.778687 2.6779621481387808 1.3041053552153066 82.74543921092018
1732024286953148672 -2325.174072 1196.879639 1776.1918329999999 2.664424035517724 1.2652016699182769 82.63224666220674
1732024286986504704 -2325.773926 1197.535645 1783.618469 2.7308082737792563 1.2122138212069784 82.58813604129476
1732024287019860480 -2326.708252 1197.541382 1790.091187 2.6896894829287588 1.4777906582420615 82.52711397648652
1732024287053217280 -2327.673096 1197.763916 1798.7277219999999 2.305896053262748 1.4605767732822788 82.49950949469951
1732024287086574336 -2328.274902 1197.794067 1804.6248170000001 2.1580220878649756 1.51380986514042 82.40069708358938
1732024287119931904 -2328.904053 1197.904541 1810.5292359999999 1.8757663872393184 1.5586082954965157 82.44500823242402
1732024287153289984 -2329.344971 1197.86499 1817.934753 1.8916352405997623 1.5540020138897268 82.47667002740326
1732024287186648320 -2329.403564 1197.903442 1823.4822390000002 1.967552826534575 1.4861436804407437 82.52488032056534
1732024287220007680 -2329.284668 1197.988403 1828.880249 2.1462776469799274 1.5205211842236748 82.61363394461502
1732024287253366784 -2328.963867 1198.040649 1835.8217769999999 2.2825611798930736 1.5495105063081123 82.71534222138932
1732024287286726656 -2328.807617 1198.160034 1841.003906 2.229135206322318 1.4711092655579767 82.82042432143446
1732024287320086784 -2328.446777 1198.405396 1845.789978 2.1152199541372605 1.597120810429379 82.9772686768225
1732024287353447168 -2327.818115 1198.688354 1851.949219 2.1294059951341264 1.4272718900375019 83.01726869095813
1732024287386808064 -2327.286377 1199.163696 1856.176514 2.141722145186338 1.3916662324819573 83.15016069479948
1732024287420169728 -2326.432861 1199.259155 1859.769775 2.1577125536178543 1.3797387385021873 83.23559533439423
1732024287453530368 -2325.250244 1200.014648 1864.2866820000002 2.1899578375777584 1.3667127359745572 83.33224281395114
1732024287486892800 -2324.163574 1200.212524 1867.04834 2.1851776431002286 1.2671334225224118 83.30947739588768
1732024287520254720 -2323.183105 1200.671631 1869.317078 2.050010101461451 1.2679431453946997 83.34024663926891
1732024287553617920 -2321.855713 1201.204346 1871.443237 2.0674640660009587 1.1568954800993898 83.27538018474495
1732024287586981888 -2321.030518 1201.737793 1872.080322 2.048274394037069 1.1322393833971443 83.26059205138948
1732024287620345600 -2320.316895 1202.24353 1871.5042110000002 2.1873386868564886 1.1174883027542624 83.1366589251834
1732024287653709312 -2319.890137 1203.048706 1869.240784 2.1175612776122423 1.1136885894162816 83.05406597738374
1732024287687051520 -2319.878174 1203.459106 1866.1842040000001 2.0419392632542968 1.0828362096501056 82.9282714466074
1732024287720394240 -2320.034668 1203.79187 1862.3378910000001 1.8214207598599952 1.0465586258345783 82.82724286692876
1732024287753735936 -2320.578613 1204.170532 1856.111328 1.5137599460195905 0.999955552535846 82.70510871949489
1732024287787078656 -2321.0979 1204.225952 1850.338379 1.4506194306691171 0.9759532938305752 82.63090000646986
1732024287820420864 -2321.740967 1204.147339 1843.716003 1.5631338858603743 0.9625842522352299 82.510967861754
1732024287853763072 -2322.754639 1204.081787 1834.0466310000002 1.6940554578280862 0.8785442041328998 82.41892007753432
1732024287887105536 -2323.587402 1203.877441 1825.9008179999998 1.7588423005169609 0.928526764692586 82.41202848153571
1732024287920447232 -2324.918945 1204.134521 1817.764099 1.7739304299727916 0.88365384467581 82.41430131052411
1732024287953789184 -2326.678223 1204.348755 1805.978149 1.7291442549165532 1.0368753294188862 82.45635343255167
1732024287987131904 -2327.830322 1204.570679 1796.8479610000002 1.6676569671852524 0.9952890639037549 82.51082935154467
1732024288020474368 -2328.998779 1204.516602 1787.362366 1.6107093718378334 0.9713948389507158 82.56628211608074
1732024288053816832 -2330.607178 1204.635376 1774.36084 1.6300669444116374 0.9581107053317892 82.55762345230508
1732024288087159040 -2331.745117 1204.642456 1764.354797 1.6863915677620702 0.8692036664539374 82.57742230747652
1732024288120501504 -2332.576172 1204.602295 1754.178162 1.7906058186922333 0.7900366599693244 82.5520618185288
1732024288153844224 -2333.627686 1204.970581 1740.61969 1.8037788068116036 0.5647054854897333 82.50005298882853
1732024288187186432 -2334.492188 1204.713257 1729.417297 1.7959144912938987 0.6499842113896619 82.38306248376487
1732024288220529152 -2335.521729 1204.881592 1718.272461 1.6168130842956794 0.6634098584711 82.37968192414887
1732024288253871616 -2336.843018 1204.996216 1702.906158 1.2926042502495219 0.6836784023768044 82.3349801818667
1732024288287214080 -2337.643066 1204.898682 1690.957794 1.165406812062796 0.7318304091907026 82.29350458488969
1732024288320556288 -2338.546631 1204.849731 1678.8630679999999 1.0681870350452127 0.7910393482291111 82.34340885593237
1732024288353898496 -2339.159912 1204.343994 1661.949158 1.4996582203592526 0.6934381144707347 82.29660897856645
1732024288387240704 -2339.646729 1204.41394 1649.249176 1.7333045567989698 0.4616518244270101 82.44215240604663
1732024288420583424 -2340.057129 1204.200684 1636.0985719999999 2.0386202629697068 0.372017249092545 82.42280283379327
1732024288453925888 -2340.885742 1204.064697 1618.404327 2.183233240117676 0.17229008886082883 82.47976260066659
1732024288487268864 -2341.541748 1204.234253 1605.377075 1.8006330768493692 0.27094932849367487 82.58233482660326
1732024288520611328 -2342.399902 1203.959717 1591.513336 1.829896521744573 0.6941569559375572 82.53393560081449
1732024288553954048 -2342.934814 1204.011353 1574.716339 1.4887958303645183 0.09893426998816766 82.63078755173338
1732024288587297024 -2343.753418 1205.07959 1562.276703 1.0851382844683983 0.24626365699002256 82.90393004281871
1732024288620639232 -2343.9646 1204.953003 1548.931305 1.2093418840228238 0.2762414980364592 82.94409008270894
1732024288653982208 -2344.491211 1205.561646 1531.603821 1.14644755566111 0.23806229332874837 83.2334722903094
1732024288687323904 -2344.643066 1205.772339 1518.440857 1.216232142878919 0.32023929726073086 83.29726591524476
1732024288720666112 -2344.614258 1205.708374 1505.553192 1.2197504815153286 0.17531029046904786 83.5222168894313
1732024288754008064 -2343.957275 1205.168457 1488.621826 1.2467165222340733 0.046759317429604555 83.77955347198164
1732024288787348736 -2343.446777 1204.854004 1476.61142 1.3133176730581488 -0.01509569272793232 83.84754283439962
1732024288820690688 -2342.78833 1204.425659 1465.150116 1.2713844236215122 -0.2637974727249876 84.03143956170999
1732024288854032896 -2342.147949 1203.751709 1450.856293 0.9653399214993044 -0.12747241107919505 84.13132549790294
1732024288887375104 -2341.564209 1203.241333 1440.578094 0.8949003726835245 -0.08825294696797321 84.1920743400023
1732024288920717056 -2340.843262 1202.516479 1430.723648 0.9848585371070571 -0.23447721236656868 84.3058670572009
1732024288954059008 -2339.921387 1201.448608 1418.415604 1.22350627580766 -0.630762040869959 84.4526879042415
1732024288987401216 -2339.447754 1200.907837 1410.114838 1.1215685884583058 -0.5421211991194471 84.52865919240097
1732024289020743168 -2338.92627 1200.643677 1402.364212 1.1906574771572185 -0.7255400299532081 84.65889952269022
1732024289054085120 -2338.078857 1200.059326 1392.818176 1.0199541396030398 -0.4640313447427082 84.70733263230063
1732024289087427072 -2337.509277 1199.92688 1386.650726 0.8039040188929901 -0.41746419589284073 84.82541113437298
1732024289120769280 -2336.920654 1199.258057 1380.689102 0.7191282383428351 -0.4397689771534403 84.86367053411641
1732024289154111488 -2336.007324 1198.508057 1373.671524 0.7154974300404572 -0.4480880391887027 84.9493062304489
1732024289187453440 -2335.275146 1198.130249 1369.295654 0.664912270242252 -0.5557799192530664 85.08544299441363
1732024289220795648 -2334.653809 1197.773438 1365.36087 0.7246815739106135 -0.688770119827542 85.17558636190385
1732024289254136832 -2333.837158 1197.349365 1361.12149 0.7348452348394893 -0.7932260831248368 85.19678218410071
1732024289287478784 -2333.106689 1196.825439 1358.760452 0.7834189124791349 -0.9658708502101995 85.24273457412751
1732024289320820736 -2332.500488 1196.821533 1357.804947 0.33152980748480876 -0.6365875446419892 85.30927588937222
1732024289354163200 -2331.490723 1196.498047 1358.248611 0.12788010244041811 -0.5691726400932055 85.30175081823171
1732024289387505408 -2330.469971 1195.821289 1359.954697 0.0919600085419358 -0.9433559992039763 85.474400516457
1732024289420847104 -2329.455811 1195.94519 1363.7028500000001 -0.10096402060568936 -0.7954150599238905 85.4375522667694
1732024289454189824 -2328.204102 1196.110962 1371.27092 -0.6177961783718737 -0.36354340442098004 85.55129422938906
1732024289487531520 -2326.935303 1195.614746 1378.158569 -0.522473407160254 -0.6348241024023751 85.60776021882633
1732024289520873984 -2325.722412 1195.690308 1386.752975 -0.6635899393191772 -0.3276417926453982 85.64182176820114
1732024289554216448 -2324.053223 1195.887085 1400.330399 -1.105363672258499 -0.1243580419226859 85.91994674591398
1732024289587558656 -2322.221924 1195.974854 1416.100204 -1.209447192999502 -0.0383160344063554 86.12942915872132
1732024289620900608 -2321.41333 1196.489502 1424.835495 -1.2436913817218471 0.017618802083011885 86.29273492663023
1732024289654243072 -2319.485352 1196.917114 1442.838501 -1.1508640312003369 0.1583335222076541 86.45051046303439
1732024289687584256 -2318.182129 1197.386475 1457.319519 -1.0892123057891407 0.287468695976617 86.5535107706687
1732024289720926464 -2316.981934 1197.802368 1472.056824 -1.02608083378238 0.3188762884565787 86.68165363732426
1732024289754268672 -2315.69043 1197.872803 1490.647736 -0.5843431684454703 0.6379212500201431 86.65513048340473
1732024289787611136 -2314.933594 1198.853271 1506.2814329999999 -0.9102249783785381 0.325003887845737 86.75602625612157
1732024289820953600 -2314.584717 1199.167603 1519.961609 -0.55934596358922 0.8406757067916483 86.67547529171574
1732024289854296064 -2313.91748 1200.094727 1539.230927 -0.4436380601553894 0.8106891221608965 86.61401574737758
1732024289887638528 -2313.57959 1200.669067 1553.3450619999999 -0.3484047011019169 0.8348029072987733 86.64815371669505
1732024289920980736 -2313.089844 1201.242676 1567.190521 -0.12713495158861735 0.827882525532155 86.5829267128304
1732024289954323200 -2312.768311 1201.884033 1585.558289 0.06023644395506696 0.7592905484462951 86.5744174970022
1732024289987665664 -2312.507324 1202.314697 1599.173859 0.31457458638583347 0.6028195354657336 86.4625825402997
1732024290021007872 -2312.251221 1202.784912 1612.751556 0.45451835935187884 0.6118073749676982 86.37974233913515
1732024290054350336 -2311.769531 1203.500732 1630.8638310000001 0.5854512557712105 0.6886275408563121 86.2982640368129
1732024290087693056 -2311.437988 1204.186768 1644.687958 0.6846178851364423 0.6128205361156388 86.1976863250199
1732024290121034240 -2310.857666 1204.763062 1658.409821 0.8091423325958812 0.6234284398166351 86.0922742404641
1732024290154376704 -2309.876709 1205.378784 1676.810333 1.0399694660831875 0.5639287989571561 85.92204723152726
1732024290187719424 -2309.074219 1205.834229 1690.671417 1.1482918003491598 0.5693366967236427 85.79691290456539
1732024290221061632 -2308.465576 1206.322754 1704.736115 1.2362166365343494 0.44790919556898595 85.77452696987096
1732024290254404352 -2307.269775 1206.620361 1723.34137 1.541576209929424 0.26446732716385224 85.5966977339268
1732024290287746816 -2306.323975 1207.078369 1737.2753910000001 1.8708121664502482 0.11507544452094734 85.46697685424257
1732024290321089536 -2305.433594 1207.432617 1750.985535 2.068776680078453 0.12365015426226848 85.33248714723152
1732024290354431488 -2304.276123 1207.677612 1768.7208859999998 2.261605101017766 0.004640630716042412 85.08443328044991
1732024290387774464 -2303.398926 1207.973877 1781.597351 2.237229287439351 -0.01262807454107896 84.98496082676284
1732024290421117184 -2302.562744 1208.31604 1794.219177 2.1321752780633907 -0.06446863788273857 84.85526186508999
1732024290454459136 -2301.316162 1208.845215 1810.492004 1.9535296105500621 0.08433741683874516 84.73340346322348
1732024290487802112 -2300.210693 1208.876099 1822.117859 1.7826792546289665 0.011974613946865189 84.70208355938676
1732024290521144320 -2299.07373 1209.277222 1833.5164180000002 1.5887859758773237 0.12644634369207214 84.6801460482165
1732024290554487296 -2297.114014 1209.644409 1848.0914309999998 1.492233321743483 0.17983030470266356 84.66423733029963
1732024290587828736 -2295.687988 1210.069092 1858.701294 1.368591750243066 0.2940361760044911 84.75566921710829
1732024290621171456 -2294.249023 1210.482788 1868.810608 1.3272529391352295 0.40562428830574226 84.79324465483674
1732024290654514432 -2292.378662 1210.715088 1881.46051 1.251479007892636 0.44902085974465705 84.92451271342328
1732024290687855104 -2291.234619 1211.158569 1890.7890009999999 1.1430519922314248 0.5003331589510961 85.00053632476914
1732024290721196288 -2290.134521 1211.361694 1899.484497 1.020284793613916 0.48554988830579676 85.13624204723007
1732024290754537216 -2288.773438 1211.630249 1910.762634 0.8807500508459666 0.4273141194968248 85.26926136036455
1732024290787878400 -2287.915283 1211.909668 1918.790466 0.786242370514636 0.45403704911679044 85.29622379353535
1732024290821219328 -2287.182617 1212.224976 1926.3237920000001 0.6495544170309356 0.5283961881036002 85.35002995393862
1732024290854560512 -2286.583008 1212.882446 1935.749451 0.35450628121639755 0.6463168226611277 85.31512775552446
1732024290887901440 -2286.187744 1213.234253 1942.054321 0.2298539718454437 0.6838528676350997 85.30175668556026
1732024290921242624 -2286.112061 1213.772339 1948.030884 0.053018743136025455 0.8379949855627085 85.19276689867269
1732024290954583552 -2286.25293 1214.213013 1955.420044 -0.12333810976109914 0.8221978468396657 84.99902464455467
1732024290987924480 -2286.476807 1214.808472 1960.403748 -0.2092073208407691 1.0801581751250406 84.92117360203278
1732024291021264896 -2286.81665 1215.340454 1965.088867 -0.18005262444914352 0.9206279569208077 84.90180029635245
1732024291054605824 -2287.099365 1215.592773 1969.6110840000001 0.29742202836076825 0.9650771823733644 84.75106785872092
1732024291087947008 -2287.526367 1216.096313 1972.25946 0.707623796274577 0.8502497688374581 84.65360378559924
1732024291121287936 -2288.2229 1216.603638 1973.55896 0.981301068542557 0.7886299977822163 84.632865316222
1732024291154629120 -2289.774658 1217.654663 1973.503784 1.1868815069181322 0.6162747156263166 84.71350501486094
1732024291187970048 -2291.232178 1218.212036 1971.7554930000001 1.2580059539633743 0.6226756714082785 84.71199112343851
1732024291221310720 -2292.8125 1218.583984 1968.787659 1.2264736217397503 0.6663976522759392 84.64336382808234
1732024291254651904 -2295.052002 1218.865479 1963.012634 1.0814863665211556 0.58816603302323 84.64565803683291
1732024291287992832 -2296.687012 1218.974609 1957.546326 1.0692394241936727 0.6439987385827141 84.64896762200472
1732024291321334016 -2298.128418 1218.809814 1950.960754 1.2117456052295432 0.7547653362102049 84.5828250166858
1732024291354674688 -2300.234619 1218.539185 1940.687988 1.296968384220392 0.667280496154169 84.55555597285569
1732024291388016128 -2301.746338 1218.15625 1931.790894 1.4103198651442406 0.6226913364769523 84.54101414078072
1732024291421357056 -2303.197998 1217.788452 1921.971619 1.579142954296395 0.7103945927015426 84.53062439937096
1732024291454697216 -2305.377686 1217.673462 1908.291504 1.6644733413459332 1.1162722223614945 84.51562778941552
1732024291488037888 -2307.061279 1216.891357 1896.870056 1.7123144495891367 1.6019095694628007 84.31739700869919
1732024291521379328 -2309.029053 1216.34021 1885.937988 1.4408224216304786 1.684217794226836 84.27042986184523
1732024291554720256 -2311.378906 1214.694702 1870.543152 1.2575268439710297 1.9989736703435776 84.01736751442611
1732024291588061184 -2314.278809 1212.422363 1851.017273 1.0796794144316813 2.248731946949988 83.9026056442162
1732024291621402112 -2315.28125 1211.469971 1843.387695 1.1039868958242234 2.27841274583425 83.82969604361146
1732024291654743296 -2316.682861 1209.959839 1831.951965 1.1011954017682528 2.352561140641933 83.74624156706591
1732024291688084480 -2318.068115 1208.539551 1820.517517 0.9866442673325689 2.647665376119297 83.66449284238159
1732024291721425408 -2319.31665 1207.037964 1809.266052 0.9950221325768798 2.665176418042778 83.49524013188012
1732024291754766848 -2320.822266 1205.175537 1794.0042110000002 0.8317960097881205 2.7028239025421876 83.41511686261137
1732024291788108032 -2321.836426 1203.919189 1782.294678 1.005504874234501 2.554717921970458 83.27515649272812
1732024291821449216 -2322.621094 1203.02478 1771.083191 0.8532361672170654 2.159433577103228 83.31852912791167
1732024291854790400 -2323.792969 1202.24353 1755.687805 0.9237425554127833 2.163820424590344 83.40116427993568
1732024291888130816 -2324.505859 1201.400879 1743.317383 1.0952420668735394 2.2526342270335737 83.36946002751493
1732024291921472000 -2325.205811 1201.222534 1730.822754 1.3443649350632203 2.198343341131579 83.4445710645073
1732024291954813184 -2326.0979 1201.030029 1713.4130249999998 1.6150160971691399 2.1129505662788626 83.6388949682636
1732024291988154624 -2326.692383 1200.909424 1699.8389280000001 1.7652228411714408 2.097264630699126 83.73470976224762
1732024292021495552 -2327.427734 1200.768311 1685.799164 1.9687598519943699 1.8418757788773308 83.87725038618413
1732024292054836736 -2328.880127 1200.956665 1667.025787 1.7655997935334513 1.2557933983916527 84.24784256274887
1732024292088177920 -2330.042236 1201.094482 1652.572205 1.5318541871982978 0.8719279164785827 84.5548800289978
1732024292121519616 -2331.177979 1201.540283 1638.449402 1.2503235765038527 0.542220434803406 84.84315148046294
1732024292154860800 -2332.699463 1201.918213 1619.224731 0.9265240339680711 0.03705405096557973 85.25640979412867
1732024292188201984 -2333.960205 1202.124512 1604.091125 0.9756823795341868 0.30562471412721304 85.40084122650678
1732024292221543424 -2334.899902 1202.297119 1589.836487 0.8783415035291593 -0.03982909308142196 85.60911987681243
1732024292254884352 -2336.851562 1203.326782 1572.024841 0.3398191606200989 -0.28803244191863264 86.02405147613491
1732024292288225536 -2338.187256 1203.931763 1558.917969 0.05661635284251114 -0.29587813136948343 86.22519000623747
1732024292321566720 -2339.500732 1204.359741 1545.77594 0.12778371606371136 -0.45583565684489963 86.3748227191541
1732024292354907136 -2341.613037 1205.243042 1529.040344 -0.10903456858945544 -0.34419940049340186 86.5251132975868
1732024292388248320 -2343.038086 1205.502197 1516.850159 0.010210072010623262 -0.5172612914377901 86.34793264312924
1732024292421589504 -2344.375244 1205.832397 1504.989563 -0.04921849309926334 -0.9798104271307355 86.32635662856548
1732024292454930688 -2346.518799 1205.651367 1489.102844 -0.07453378474454123 -0.9225683662226613 86.03589136241385
1732024292488271872 -2348.160889 1205.175171 1477.615814 -0.1212796345124521 -0.7692072932156004 85.70492944763159
1732024292521613312 -2349.713623 1204.377075 1466.165283 -0.040563667600212336 -0.44561751556265433 85.28713430090788
1732024292554954240 -2351.629883 1203.88562 1452.61821 -0.2281880899231573 -0.05521094434256156 84.91222435344562
1732024292588295680 -2352.570557 1202.722778 1442.5952 -0.24139306151275147 -0.028477190037220015 84.70492822905562
1732024292621637120 -2353.210693 1201.59021 1433.222992 -0.15680971685261155 -0.11233976259395516 84.52928822787818
1732024292654978048 -2353.935059 1199.840088 1421.583893 -0.20568466167726637 -0.2554157555314231 84.36589666345215
1732024292688319488 -2354.31958 1198.623901 1413.579636 -0.44578899330175875 -0.03920328572504204 84.22906872503282
1732024292721660928 -2354.295898 1197.733154 1406.494568 -0.45364020013507506 -0.3287554636428072 84.24151939767887
1732024292755002624 -2353.968018 1195.838745 1396.955093 -0.4525775867319307 -0.23477235546858718 84.18349169781759
1732024292788342784 -2353.355713 1195.496582 1391.588852 -0.7578714283605726 -0.20029356280342664 84.33985937951152
1732024292821684480 -2352.591064 1194.776123 1386.24147 -0.8693327513164426 0.004239366406444383 84.34423499045269
1732024292855025664 -2350.99707 1192.240723 1378.678619 -0.5164185821506212 -0.18666143407488087 84.34686506340702
1732024292888367104 -2350.091553 1192.377808 1375.174911 -1.1495413956754321 0.4554983348663351 84.54719222889129
1732024292921708288 -2348.947754 1191.795654 1371.856369 -1.2928436670027705 0.41795408840657144 84.70146395505829
1732024292955049984 -2347.085693 1191.759644 1368.459061 -1.387930212084028 0.38461919646579773 84.94987582158103
1732024292988391680 -2345.681641 1191.385132 1366.57077 -1.5419705002165562 0.2393757602048137 85.15107901259917
1732024293021733120 -2344.343018 1191.075562 1365.790421 -1.6356572819667154 0.302749784946111 85.24724732465809
1732024293055074304 -2342.432129 1190.353149 1366.369904 -1.8367878443581283 0.31624692854558245 85.29177092685721
1732024293088415488 -2340.735107 1189.831787 1367.954086 -1.7411800432140276 -0.02487199263624108 85.32434195126773
1732024293121757184 -2339.356689 1190.730713 1371.699844 -2.1711303440956753 0.27340032718148943 85.40626976652618
1732024293155098624 -2337.064697 1190.349854 1377.169922 -1.9113526364489066 -0.22637351806493708 85.46281760106102
1732024293188440320 -2335.730469 1191.341675 1383.704269 -2.415142937894767 0.21360629176139895 85.57004545427623
1732024293221781504 -2334.266602 1191.61731 1390.891403 -2.389647940522125 0.011900476211138168 85.67424225457268
1732024293255121920 -2332.179932 1191.986572 1402.272095 -2.173664575261609 -0.311553996595133 85.71703241421046
1732024293288463616 -2330.642822 1192.638916 1412.383316 -2.38055750994996 0.10778206803912697 85.73904325075024
1732024293321805056 -2328.992676 1193.196289 1423.311615 -2.4552494926664368 -0.009791972229474132 85.96921582260339
1732024293355146496 -2326.625732 1193.518921 1438.522995 -2.319456679078717 -0.1953343897356144 86.12536428435928
1732024293388487936 -2324.880371 1194.394287 1450.893448 -2.465690707751676 0.03622395764795322 86.20876853801006
1732024293421829120 -2323.097656 1195.019409 1463.319458 -2.522208217583049 -0.05141384401280267 86.35712807505568
1732024293455170816 -2320.862061 1196.006104 1480.701874 -2.6790062752758304 0.17715234648313835 86.4437969381562
1732024293488512256 -2318.978027 1196.250854 1493.3919369999999 -2.4325498093458497 -0.012501566559193083 86.4618201222942
1732024293521853696 -2317.412598 1196.896362 1506.863159 -2.4646902819860963 0.25713836605918855 86.42873721979683
1732024293555195136 -2315.420898 1197.65686 1524.564484 -2.328979412826256 0.31921262791737615 86.49101070980412
1732024293588536832 -2313.979492 1198.240601 1537.929016 -2.1186054562859633 0.33600462769090633 86.4778092472684
1732024293621878272 -2312.764893 1199.120728 1551.608032 -1.977514768883162 0.47803709119570803 86.41962717412332
1732024293655219456 -2311.217773 1199.856445 1568.899445 -1.6482970468588596 1.1717116521171294 86.3066376725626
1732024293688559872 -2309.851807 1200.28186 1582.463867 -1.3617694106150435 0.9165881937196478 86.13728436262033
1732024293721901056 -2308.724854 1201.293335 1597.4175109999999 -1.5875792570684821 0.4126321236626378 86.04061551024003
1732024293755242496 -2307.467041 1202.303955 1614.2735599999999 -1.418953972591347 0.9207046191260275 85.92136626416475
1732024293788583680 -2306.300293 1202.874512 1627.794342 -1.2297639201602488 0.8194808670028756 85.75741626893202
1732024293821925120 -2305.126953 1203.652344 1641.835297 -1.2002389644167863 0.743241178737042 85.71342558307926
1732024293855266304 -2303.208008 1203.978394 1660.776184 -0.7367459398602472 0.24315926458738768 85.50232779470679
1732024293888607488 -2302.188965 1205.190674 1675.297699 -0.6691704961679967 0.6208655230590592 85.6081260807763
1732024293921948672 -2300.861084 1205.880249 1689.8100590000001 -0.20140073108740877 0.5707126749980835 85.61727683665016
1732024293955290368 -2298.867432 1206.571289 1708.845795 0.5491487696266654 0.3103066966001703 85.60476181358005
1732024293988631552 -2297.898193 1207.678467 1723.203491 0.6935937644556279 0.44685896773258055 85.74937860525115
1732024294021972736 -2296.791504 1208.247437 1737.066284 0.8526272084879458 0.40993097492139696 85.82039595747437
1732024294055313920 -2295.139404 1209.187256 1754.913391 1.157023923684402 0.3869290354826706 85.95079060430945
1732024294088655104 -2293.966553 1209.60376 1767.870361 1.21411129807648 0.2577234685610974 86.07304413208712
1732024294121995520 -2292.822266 1209.760742 1780.507385 1.2749517804260164 0.04829338922268477 86.10490944170493
1732024294155336704 -2291.561035 1210.360352 1797.508484 0.7699661742108391 -0.01379108370631106 86.25894220981516
1732024294188677888 -2290.414307 1210.533813 1809.768982 0.5329746370774332 -0.20349131318535202 86.3017792936876
1732024294222019072 -2289.200439 1210.789185 1821.836182 0.31842212068834835 -0.2085704116474312 86.23171812582797
1732024294255360512 -2287.641113 1210.729126 1837.210022 0.04329896905562803 -0.3588998197522077 86.1911823675982
1732024294288701952 -2286.313965 1210.922485 1848.347778 0.11271457745306626 -0.30780998166356593 86.0581205363531
1732024294322043136 -2284.952881 1210.873169 1858.951172 0.15784741717011505 -0.23648987828902618 85.89625538021761
1732024294355384320 -2283.034424 1211.213745 1872.540955 0.4022047445641174 -0.053673738749831536 85.70158167939681
1732024294388725504 -2281.350586 1211.333618 1881.7723999999998 0.415532935156284 0.18239248239789055 85.56806847525439
1732024294422067200 -2280.47168 1211.993774 1891.7768549999998 0.6942001153390939 0.09273501061825107 85.49500567969766
1732024294455408384 -2279.109375 1212.608765 1903.707275 0.8225373286502454 0.4317490996065439 85.38100049650761
1732024294488749568 -2278.268799 1213.074463 1912.086914 0.7430807823877392 0.62276293044526 85.30470339433994
1732024294522091008 -2277.712891 1213.55249 1920.112732 0.7648964863681438 0.7781631283995428 85.25614380111244
1732024294555431936 -2277.030273 1213.700684 1929.712341 0.6160593498340072 0.7638903465873753 85.15317892663482
1732024294588772608 -2276.871094 1213.964233 1936.1716920000001 0.3791693107641594 1.0037785696115338 85.11425230347491
1732024294622113536 -2276.571289 1213.875488 1941.686829 0.21488167668003036 0.9554199541645032 85.09790622864452
1732024294655454720 -2276.312012 1213.740112 1947.580383 0.2550363854041199 0.8147276393727118 85.0987249556389
1732024294688797184 -2276.304199 1213.824097 1951.072937 0.2031373138970136 0.8604367718418999 85.15874694801762
1732024294722139136 -2276.455322 1213.934937 1953.480652 0.2264968949177895 0.8558556841164799 85.25538494326597
1732024294755481600 -2276.77832 1213.871704 1954.660828 0.3561731164101375 0.7848776760195815 85.34845052360839
1732024294788823552 -2277.165527 1213.655396 1953.700073 0.49445739333390903 0.6891413542098211 85.43578018037392
1732024294822165504 -2277.7771 1213.549194 1951.7341920000001 0.5795579517880872 0.5182421880163283 85.55128490548122
1732024294855507968 -2278.968994 1213.161133 1947.067078 0.5856849540533259 0.4727598490682215 85.59178965509975
1732024294888849920 -2280.07959 1212.970581 1942.2299189999999 0.6760729169080176 0.4365513878947865 85.51708281631082
1732024294922192384 -2281.252197 1212.369873 1936.000122 0.8308310126515431 0.3829641012412073 85.44627080180922
1732024294955534336 -2283.464111 1211.770142 1926.078857 0.7372953110990312 0.20897008255687996 85.42456304755297
1732024294988876800 -2285.520752 1211.27356 1917.382019 0.7225223051770244 0.12066578031284667 85.36529211561805
1732024295022217984 -2287.609131 1210.525269 1907.677856 0.7945820859166061 -0.006677260211218598 85.25874167063311
1732024295055559936 -2290.895752 1209.683105 1893.690063 0.9078367506367626 0.026217128058381996 85.04778997558536
1732024295088902400 -2293.802979 1208.866089 1882.690247 0.8741831687757373 -0.024103851606073996 84.9226790795504
1732024295122244608 -2296.538818 1207.747559 1870.825134 0.9178377196781055 0.08591179272239939 84.80111206394935
1732024295155587072 -2300.397949 1206.642456 1854.3289180000002 1.2397089561472436 0.3394384615566079 84.67362092051157
1732024295188929024 -2303.121826 1205.341675 1841.065979 1.6274369637846708 0.45246327529580205 84.53377834454257
1732024295222271232 -2306.012695 1203.736328 1827.22113 1.8379308733112805 0.49321391692961764 84.44262687478685
1732024295255613440 -2310.172363 1201.742798 1808.20813 1.9780419135939256 0.9273376796812252 84.26233563216789
1732024295288955904 -2312.841553 1200.349487 1793.094788 2.0759509461056336 1.2688155101799843 84.20699811765006
1732024295322298112 -2315.471191 1199.016235 1778.039551 2.017771066900714 1.3807886937649039 84.09549473564027
1732024295355640320 -2318.560791 1197.045532 1757.002686 1.8099578117163293 1.6217528329356774 83.98703925940056
1732024295388982784 -2320.900879 1195.966309 1741.0457760000002 1.605821827951592 1.6128406130817203 83.99599768509336
1732024295422324736 -2322.949219 1194.894043 1724.783447 1.408071588868664 1.5557210508505235 84.03633774202319
1732024295455665920 -2325.512939 1194.278809 1703.654083 1.0220204539417004 1.5826343608124904 84.12325671159334
1732024295489008640 -2327.525879 1193.876587 1687.898529 0.7195502627477929 1.3810223577866887 84.21092012758244
1732024295522350848 -2329.421631 1193.55603 1672.038513 0.534447489251483 1.3348173968602954 84.29487933782791
1732024295555693056 -2331.583008 1193.559814 1651.2753910000001 0.6527766860285791 1.3970772878389226 84.41658471866675
1732024295589035520 -2333.0 1193.703247 1636.106537 0.5792178272377227 1.6563187646037238 84.5452249641174
1732024295622377984 -2334.505371 1193.983154 1621.473907 0.34935762302211343 1.5810903756632908 84.67375779280366
1732024295655719936 -2336.206787 1194.50061 1601.771179 0.33884857155399406 1.740127169496453 84.7634637913084
1732024295689062912 -2337.213379 1194.825928 1586.9357909999999 0.39731375132279484 1.8315273107332541 84.81686562564016
1732024295722405632 -2338.51416 1195.301025 1572.619293 0.3006882861246884 1.7233166132870366 84.86793099689538
1732024295755748352 -2340.329346 1195.510498 1553.416199 0.013708864076460025 1.7187997646086193 84.84021808004763
1732024295789091072 -2341.48877 1195.62915 1539.176025 -0.07674970096910269 1.5983640237777723 84.86384455772522
1732024295822434048 -2342.533447 1195.376953 1524.709625 -0.17436382113945895 1.448357598250075 84.86311172212415
1732024295855776256 -2344.100342 1195.752319 1506.171967 -0.4306804423703897 1.1119683723477047 84.92404020169423
1732024295889119232 -2345.376953 1195.55481 1492.749329 -0.7274738573769418 0.7928193244896701 84.94449995906714
1732024295922460672 -2346.522949 1195.328247 1479.371826 -0.8728266066378245 0.5625756958563273 84.8925785208711
1732024295955803648 -2347.741211 1195.13208 1462.633209 -1.0376409363483257 0.4322046392687804 84.81346905399009
1732024295989146368 -2348.682373 1194.876587 1450.793961 -1.1257517597570912 0.22379213723637306 84.81901505016421
1732024296022489088 -2349.857666 1195.422363 1440.229965 -1.3990211116364055 0.08156941424323084 84.84796591867335
1732024296055832064 -2351.338379 1196.957642 1427.44812 -1.806564851834268 0.25136808497019697 85.01646051981362
1732024296089175040 -2351.714355 1197.135376 1418.334015 -1.6790983316198589 -0.001195734521654227 85.16605789493667
1732024296122517504 -2352.276611 1197.593018 1410.563736 -1.9655297272001115 0.23210427556950153 85.26492299890002
1732024296155860736 -2353.121338 1198.549683 1401.417816 -2.251230659109486 0.07838428782552186 85.4501490068636
1732024296189203456 -2353.576904 1199.19043 1395.389709 -2.377155776219779 -0.05175491196503514 85.53571174000152
1732024296222545920 -2353.714355 1200.02771 1390.745438 -2.5300401734674085 -0.07638245971780815 85.64528575887404
1732024296255889152 -2353.356445 1200.982666 1386.299088 -2.6020119237929125 -0.21445685948316015 85.79693714782847
1732024296289231872 -2352.761719 1201.571899 1384.562973 -2.5628477445931086 -0.2761267174036444 85.87522464183928
1732024296322575104 -2351.614502 1201.265015 1383.675415 -2.1739997634916266 -0.7629441329038062 85.90049399433347
1732024296355916800 -2350.252441 1202.232788 1386.2336579999999 -2.76602416355824 -0.4182651899191859 86.12449622540895
1732024296389259520 -2348.711914 1202.23291 1389.383621 -2.7759694432259128 -0.32922636896782614 86.05539548317178
1732024296422602752 -2346.752197 1201.579956 1393.771637 -2.4637330366283003 -0.8115985065809855 85.98992929367625
1732024296455945216 -2344.465088 1202.262939 1403.38887 -2.9974078099319446 -0.2884952602911479 85.9713019178946
1732024296489288448 -2342.157959 1201.992188 1411.165817 -2.686540699972403 -0.2688357576623549 85.85569853341188
1732024296522631424 -2339.928223 1202.096924 1420.024033 -2.5538312222405612 -0.1229803461326744 85.8111968649148
1732024296555973888 -2337.318115 1202.002197 1433.009628 -2.234433807958937 -0.06129291575206262 85.59364157987885
1732024296589317120 -2335.650635 1202.697388 1444.092865 -2.7581779436433855 0.5077776214169977 85.61151644551967
1732024296622660096 -2333.83667 1202.864746 1455.4165189999999 -2.973327783260857 0.37208661636378204 85.72938628910237
1732024296656003072 -2331.390625 1202.845581 1471.390259 -3.0878652909140376 0.23600985911390499 85.86232407109001
1732024296689344512 -2328.684082 1202.994995 1488.278381 -3.044296462487151 0.05764706559701169 85.97061883461294
1732024296722685696 -2327.460693 1203.486572 1497.277832 -3.08654796490125 0.19184052968827814 86.03458814995982
1732024296756027136 -2324.778076 1204.124268 1515.148956 -2.9142161078886777 0.09196784638235388 86.1701674733083
1732024296789367552 -2322.992676 1204.855835 1529.037628 -2.754528240932689 0.1592546856309051 86.24919366203036
1732024296822709248 -2320.975342 1205.143677 1542.62323 -2.2375743360378864 -0.3807199594564506 86.35517359921904
1732024296856050432 -2318.899414 1206.833252 1561.9868159999999 -2.502940958544381 0.018132439219568135 86.51087378134262
1732024296889392128 -2317.25708 1207.752686 1576.4422 -2.450034904548722 -0.05365512289837217 86.60589597234207
1732024296922733568 -2315.709717 1208.94397 1591.174377 -2.37809276704995 -0.051568481340223044 86.63835697941079
1732024296956075008 -2313.736328 1210.234985 1610.016724 -1.9504798904392313 0.5288973126923482 86.5092988428553
1732024296989416448 -2312.25 1211.295044 1624.939514 -1.8195297352615507 0.6018778686029624 86.51060882457638
1732024297022757888 -2310.715332 1212.348267 1639.827087 -1.5646225735968398 0.711365350034912 86.40437422756953
1732024297056099072 -2308.804688 1213.746582 1660.089569 -1.4461797116546486 0.7785028272993403 86.36508483901306
1732024297089440768 -2307.322998 1214.401733 1675.248657 -1.2710789860795217 0.7323077622315504 86.19894285971401
1732024297122781952 -2305.369873 1215.280029 1695.888367 -1.2000334626280378 0.22000499198891402 86.13712400187774
1732024297156123648 -2303.391113 1215.998169 1715.820618 -1.0982025185697826 0.16605746260886303 85.93220137250067
1732024297189464832 -2302.527588 1216.142822 1725.384644 -1.1926997344613524 0.24576579062662812 85.8035246916011
1732024297222806528 -2300.937256 1216.655151 1744.815063 -1.334188123844325 -0.00766550158839954 85.73032324439654
1732024297256146688 -2299.542725 1216.794189 1758.729187 -1.3742224280903956 -0.13086392940258762 85.71331930451878
1732024297289488384 -2298.176025 1216.806763 1772.1655269999999 -1.339052892552315 -0.029431900505841657 85.69219311277084
1732024297322829824 -2296.657227 1216.974243 1790.300415 -1.2029759615185014 -0.023215351135655437 85.66044030506092
1732024297356171008 -2295.732666 1217.338623 1804.013733 -1.1404815415038287 0.04512603051996585 85.6954564689095
1732024297389512448 -2294.823242 1217.189331 1817.199951 -1.0473592289653015 0.2569670975679942 85.61903870282131
1732024297422853888 -2294.119385 1217.120483 1831.011719 -1.1462665448289835 0.2689535503894443 85.6399553957443
1732024297456195072 -2293.057129 1216.957397 1849.143555 -1.102628903500803 0.310879254739564 85.76231247078108
1732024297489536768 -2292.208984 1216.809692 1862.128052 -1.0136356031621174 0.362157284518588 85.88152867811952
1732024297522878208 -2291.520996 1216.868408 1878.956238 -1.0185437532281603 0.5188725242487274 86.06595695118064
1732024297556219648 -2290.927979 1216.852295 1890.589966 -0.8409576953877459 0.6326092471787763 86.08947373056269
1732024297589561088 -2290.485352 1216.813477 1901.295959 -0.6884335207224176 0.7455277266072223 86.17124237366973
1732024297622902272 -2289.783447 1216.939575 1911.300598 -0.25361957252168726 0.7638918530789951 86.11925548360779
1732024297656243968 -2288.851562 1216.970703 1923.641296 0.23418045942055793 0.8214710941559598 86.0458443332345
1732024297689584128 -2288.170898 1217.182861 1932.0123899999999 0.6506528736910997 0.8847028917268879 86.01763096303888
1732024297722925568 -2287.477539 1217.294312 1939.890991 0.8795495229138697 0.8746009937239351 85.93824042758908
1732024297756267008 -2286.637695 1217.483643 1949.693298 1.0554108362993389 0.9024184665525269 85.84258161871217
1732024297789608448 -2286.000244 1217.436401 1956.631531 1.0247024041959047 0.749516580314159 85.75353935056553
1732024297822949888 -2285.000244 1217.604736 1965.14978 0.9849507969878213 0.49507850973403644 85.7063338954246
1732024297856291328 -2284.255127 1217.434814 1970.773132 0.9090821047903234 0.1878387077164703 85.70916022424183
1732024297889632768 -2283.513428 1217.941528 1976.165344 0.5729669727035808 0.23830043740260806 85.86440359751761
1732024297922974208 -2282.916992 1218.123047 1980.6148680000001 0.3624254523949088 0.06945601439601215 85.91447264663901
1732024297956315136 -2281.986084 1218.431274 1985.1126709999999 0.1421633781228331 -0.000974329359486629 86.00602686474697
1732024297989656832 -2281.483398 1218.456665 1987.0200200000002 0.027762559601628503 -0.033123273374991026 86.0065106162892
1732024298022998272 -2281.251221 1218.395142 1987.9433589999999 -0.20920090853725526 -0.10679314457177899 86.00895214632166
1732024298056339968 -2281.236084 1218.163818 1987.069641 -0.28316393162832193 -0.1471398734244754 85.95589596971679
1732024298089681152 -2281.273193 1217.770142 1984.444458 -0.25421988013570584 -0.04876218166754557 85.95511449376457
1732024298123021568 -2281.682617 1216.986694 1978.855347 0.03230055336583793 -0.03953950159952237 85.83131560680451
1732024298156363008 -2282.450928 1216.398071 1973.416138 -0.0015389425406501706 -0.08099492138714404 85.79784444351702
1732024298189704448 -2283.588623 1215.702759 1966.801636 -0.1954583630284336 0.03402525344258635 85.87646606944595
1732024298223045888 -2285.190674 1214.418823 1955.481445 -0.12033214537804776 0.2066642616882298 85.83942024037914
1732024298256387072 -2286.822754 1213.330444 1946.112915 -0.30668579706269855 0.11989749076550829 85.90616729410323
1732024298289728768 -2288.685547 1212.322876 1936.025146 -0.41516959920652136 0.145376305124696 85.9796057634663
1732024298323069952 -2291.131348 1210.460083 1921.502747 -0.49098699513340605 0.10485102973374848 86.0778678089589
1732024298356411136 -2293.119873 1209.119629 1909.833313 -0.5664430108520998 0.16759330567766642 86.2400603121193
1732024298389752832 -2295.13501 1207.639038 1897.545837 -0.5690412204440244 0.22859659201284485 86.2557516747112
1732024298423094272 -2297.760254 1205.758789 1880.471619 -0.6734842273299809 0.5316064761391569 86.26627598437534
1732024298456435712 -2299.77417 1203.964478 1866.6616820000002 -0.58658743819529 0.6920898631301877 86.18305805425632
1732024298489777152 -2301.73877 1202.474854 1852.550903 -0.65109803924199 0.8457134042756679 86.11678021675549
1732024298523118336 -2304.147705 1200.38208 1833.201355 -0.9259075744551569 1.1770264413764624 85.82045951794385
1732024298556459520 -2306.2146 1199.435303 1819.052124 -1.5111523457908294 1.2726999707774063 85.76526402168795
1732024298589800448 -2307.854248 1197.994385 1804.043762 -1.9464007209201675 1.395617263446234 85.62710357672749
1732024298623141888 -2309.510986 1196.330444 1783.4860840000001 -2.043409727349855 1.1112087972044153 85.36265635570588
1732024298656483072 -2310.574707 1195.384155 1767.4251100000001 -1.8443355531027377 1.2035318371742365 85.09921301713743
1732024298689825280 -2311.680664 1194.446045 1750.786926 -1.7129884983278991 1.217615119639437 84.83133810361315
1732024298723167232 -2312.904053 1193.976807 1733.8458859999998 -1.4135581399238648 1.3487634967002013 84.48970839516876
1732024298756509184 -2314.893066 1193.396484 1711.640991 -1.580747870079478 1.436325860206061 84.1309215913901
1732024298789851136 -2316.593018 1193.43335 1695.036102 -1.7059930649195139 1.479006166069582 83.85221568853272
1732024298823193088 -2318.734375 1193.639404 1672.296051 -1.5484798087826672 1.692099774060843 83.44135099737149
1732024298856535552 -2320.608398 1194.31897 1655.646301 -1.6253090103509509 1.5216048411161847 83.45121678138945
1732024298889877504 -2322.756592 1194.640259 1638.814514 -1.4632407584667393 1.7701065724425582 83.26045719964414
1732024298923219456 -2325.649658 1195.165405 1616.61087 -1.3045706134366344 1.5192052813803965 83.36883249506845
1732024298956561664 -2327.866943 1195.690674 1600.498413 -1.28082177217432 1.5787678973928045 83.45461295355169
1732024298989903616 -2329.974854 1196.061768 1584.699036 -1.3931637915531834 1.5337173297635192 83.56178043474573
1732024299023244288 -2333.137939 1196.549805 1564.288666 -1.7721125909076176 1.3596999422904144 83.76194677507847
1732024299056586752 -2335.6875 1197.569946 1550.081787 -2.4598026369053936 1.574605005943293 84.01058212134713
1732024299089928704 -2337.708496 1197.594116 1535.762878 -2.459143673559628 1.466125668112208 84.08628224264962
1732024299123270656 -2340.139648 1197.952637 1517.362762 -2.136771678413274 1.3421925876757665 84.22499779510645
1732024299156612864 -2341.893555 1198.201538 1504.68869 -1.8558694274115257 0.9475038549136754 84.444790582319
1732024299189954816 -2343.662598 1198.489014 1492.817474 -2.048069384478984 1.0979861765264676 84.59270149651893
1732024299223296768 -2345.844971 1198.88623 1477.7601319999999 -1.9006364295928884 0.7851882618218694 84.74574711576885
1732024299256639232 -2347.205322 1198.805298 1466.612213 -1.4649708471152507 0.27041794658116675 84.8304205638001
1732024299289981184 -2348.72876 1199.88501 1456.646851 -1.6617562855664028 0.5039194290125476 84.96163076816782
1732024299323323136 -2350.461914 1200.589844 1443.63327 -1.937191587823685 0.5731161537426782 84.97601431196382
1732024299356665088 -2351.726562 1201.152954 1434.6095579999999 -1.952888870964634 0.3260545437749937 85.01541573119434
1732024299390007552 -2353.183594 1202.895996 1427.064377 -2.54663042948579 0.83002557034855 85.07876738742156
1732024299423349504 -2353.798096 1203.345825 1416.788391 -2.0842430888117103 0.33655037149367334 85.06362619308467
1732024299456690688 -2354.531494 1204.495483 1411.06311 -2.454172464155401 0.5851596931287598 85.13122245719515
1732024299490032896 -2355.071289 1205.362061 1405.942642 -2.7415342750118685 0.6008742872107758 85.18722394672125
1732024299523375104 -2355.128662 1206.061279 1400.676285 -2.8110269867656985 0.49413522816370237 85.18630534590767
1732024299556717056 -2355.103516 1207.315552 1399.092545 -3.362648037999627 0.7879377951866836 85.28504181170646
1732024299590059264 -2354.49585 1207.845947 1398.573471 -3.5268776018759818 0.7905846095505394 85.3532207907322
1732024299623401472 -2353.141113 1208.113647 1399.897827 -3.51984853533239 0.4905689525689662 85.44170655205578
1732024299656743680 -2352.066895 1208.818726 1402.933395 -3.694003124998395 0.5973439135084107 85.50905725477381
1732024299690085888 -2350.491455 1209.052246 1406.969391 -3.506584200312627 0.4728114054336809 85.50681288210309
1732024299723428608 -2348.301758 1209.282593 1414.075241 -3.4211291162297535 0.6067783329382204 85.40599925987924
1732024299756771328 -2346.052246 1209.401123 1423.03833 -3.2738473638671426 0.4496252226319609 85.3368107567977
1732024299790113536 -2345.127441 1210.115112 1428.815048 -3.8096725438298766 0.9510412200111157 85.3945343734979
1732024299823456512 -2342.809814 1210.324341 1440.567947 -3.9458298435976635 1.0331981926555591 85.44597851460584
1732024299856799232 -2340.673096 1210.257202 1450.101089 -3.8228740677054414 0.8804612686263276 85.4458288081099
1732024299890141696 -2338.524658 1210.675293 1460.609772 -3.834292520728004 1.0282291284279934 85.49967400343027
1732024299923483136 -2335.582275 1211.167358 1475.7803959999999 -3.6440503308887573 1.1203896694323663 85.49621226832977
1732024299956825856 -2333.405518 1211.560791 1487.781158 -3.7650548614313646 1.321678676228113 85.54388236206188
1732024299990168832 -2331.188721 1212.134155 1500.211914 -3.769345913287759 1.3846284283655343 85.56945153413012
1732024300023511296 -2328.367676 1212.425415 1517.0778500000001 -3.819722183581011 1.5131165606891208 85.57280978761486
1732024300056854016 -2326.396973 1213.086182 1530.634644 -3.99269383537172 1.5181508144084375 85.68002902975496
1732024300090196736 -2324.280273 1212.965332 1543.980286 -4.004706265116574 1.6526420713409236 85.6145531663115
1732024300123539456 -2321.861328 1213.642578 1562.6414790000001 -3.8809378141334356 1.5066897077583448 85.63728425391021
1732024300156881920 -2320.155762 1214.178833 1576.841187 -3.79173095965806 1.2750996478329282 85.6977620759635
1732024300190224640 -2318.655762 1214.506348 1590.9017939999999 -3.593690922680456 1.1124949844430039 85.72187343178965
1732024300223567104 -2317.315674 1215.171509 1609.965271 -3.326671071331147 1.1123431971718816 85.76427523730015
1732024300256909824 -2316.401611 1215.99646 1624.841156 -3.1650587907120196 1.0820244046184337 85.74319910229525
1732024300290252800 -2315.713379 1216.872314 1639.892639 -3.1515923482882546 1.1067152584033586 85.82655643292448
1732024300323595520 -2314.722412 1217.944458 1659.780914 -2.8655557165633785 1.27780474175132 85.93749415859274
1732024300356937472 -2313.970703 1218.636353 1674.661285 -2.430703603599696 1.4292524904486121 85.88517038456366
1732024300390279680 -2313.454346 1219.25647 1689.821747 -2.165677059326757 1.4587971253155463 85.95198994957178
1732024300423622656 -2312.903564 1220.218384 1709.864716 -1.744037665634259 1.2753456380722952 86.15019284176668
1732024300456965120 -2312.168457 1220.460327 1723.9817500000001 -1.064295528031454 1.3182430640187068 86.21541449051242
1732024300490308096 -2311.760498 1220.996216 1738.5219730000001 -0.7256146232199991 1.2517153554864862 86.41095511191872
1732024300523650816 -2311.402832 1221.705933 1757.4129639999999 -0.601791932595987 1.1285890068892717 86.70117314159937
1732024300556993536 -2311.054688 1222.193848 1771.237488 -0.5916967184367282 1.1487423081917207 86.83693806508896
1732024300590336512 -2310.783447 1222.453613 1784.8010860000002 -0.605401682206075 1.133210765736785 86.90798723031902
1732024300623679232 -2310.009033 1222.933228 1802.64447 -0.558127077368572 1.2130209588539147 86.91495012839562
1732024300657021952 -2309.386963 1223.159424 1815.921875 -0.43114836016598274 1.25306313044452 86.87948370058332
1732024300690363904 -2308.509033 1223.322754 1828.630371 -0.281198137155269 1.4197803609410202 86.76160728439305
1732024300723705600 -2307.161621 1223.444946 1845.143188 0.12172313608487174 1.3386856966134544 86.66079064061063
1732024300757047296 -2306.055176 1223.807007 1857.045288 0.4575169978304425 1.4522050749057804 86.54239066056513
1732024300790387968 -2305.078125 1224.081665 1868.675781 0.6304472469374874 1.4163153278082674 86.45539946947008
1732024300823729408 -2303.559814 1224.368774 1883.602539 0.6552217862597256 1.3577468230471195 86.37658020397392
1732024300857071104 -2302.236572 1224.264526 1894.318176 0.7485115237834082 1.3190518901738428 86.21076864342542
1732024300890412800 -2300.919678 1224.40918 1905.3359380000002 0.84582612776259 1.1993007195175678 86.00872194374513
1732024300923754752 -2299.095459 1224.380615 1919.9263310000001 0.890668747003453 1.1138502825437118 85.71004990057159
1732024300957096704 -2297.656982 1224.329102 1930.917786 0.8738147450185625 0.9848509486823084 85.57468505860645
1732024300990437888 -2296.077393 1224.218872 1941.4697270000001 0.9231146483126359 0.8432886470725627 85.47544674546967
1732024301023779840 -2294.0979 1224.049194 1955.038574 0.9921331689235667 0.6725882285414545 85.3513594967107
1732024301057121280 -2292.614502 1223.951904 1964.7857669999999 0.9374366162557642 0.654788812287533 85.23057392846789
1732024301090463232 -2291.065918 1223.750122 1974.081665 0.8615921109574359 0.5573655704694951 85.18589071025144
1732024301123804672 -2288.83374 1223.543945 1985.4696040000001 0.7542132141844772 0.4878806931961388 85.21112150798945
1732024301157146368 -2287.194824 1223.424561 1993.302185 0.7424198444846162 0.5576793304518187 85.20291127446241
1732024301190488320 -2285.575928 1223.191406 2000.656311 0.6606344528434229 0.5993378611506504 85.20609034442502
1732024301223830016 -2283.702881 1222.780029 2009.765625 0.6019386292128206 0.6985350620174228 85.10490850645989
1732024301257170688 -2282.307861 1222.122314 2015.720825 0.6187399252830057 0.6609826505663916 85.07701450123447
1732024301290512384 -2281.10791 1221.625732 2021.282715 0.6194618012050626 0.6124548255452783 85.03549159439213
1732024301323854080 -2279.778076 1221.19397 2027.5893549999998 0.7254321852757605 0.6988195033351383 84.92190995060217
1732024301357195520 -2279.199707 1220.845459 2031.489563 0.7792916208071037 0.6850601974016645 84.85691108733451
1732024301390537472 -2278.758789 1220.541382 2034.53186 0.8330137630104101 0.6894951284280714 84.86271871260642
1732024301423878912 -2278.571289 1220.158081 2037.8704830000001 0.8214251875873578 0.7397855511743452 84.87172512688483
1732024301457220864 -2278.634033 1219.8927 2039.356873 0.9681762275014106 0.6621791196567799 84.8789295644265
1732024301490562304 -2278.804199 1219.658081 2039.987732 1.2070682060054787 0.6572694751727829 84.88874999407327
1732024301523904000 -2279.262207 1219.200073 2039.233765 1.2308743070576842 0.5961539055557918 84.93715225112484
1732024301557245952 -2279.765625 1218.625122 2037.185913 1.180903672183641 0.45560083371249166 85.0028133666508
1732024301590587136 -2280.441406 1218.303955 2033.888672 1.1036947770206178 0.41452403441245705 85.0703221994975
1732024301623929088 -2281.351318 1217.521362 2027.4353640000002 1.0857744907243436 0.35095037692499775 85.01353615905482
1732024301657270784 -2282.251221 1216.858398 2021.540405 0.9325066484465115 0.30200629748367847 84.98476267321387
1732024301690611712 -2283.184082 1216.222656 2014.4602049999999 0.7791910543278274 0.33964375299941724 84.9969973064661
1732024301723953152 -2284.571289 1215.324341 2003.3192749999998 0.7333016723895436 0.4052991648332889 84.9873188305935
1732024301757294336 -2285.790771 1214.536133 1993.585327 0.7531608906944213 0.4980709303948843 84.92500877000853
1732024301790636288 -2287.122803 1213.520386 1983.14563 0.6997280632576264 0.6616589601108875 84.80773203667849
1732024301823977984 -2289.369629 1212.24939 1968.1273190000002 0.40019687550764177 0.8911663036902135 84.60964128706337
1732024301857319680 -2291.174561 1211.18396 1956.103394 0.13454327224914897 0.8113362565351091 84.59747042806652
1732024301890661120 -2292.889893 1209.903809 1943.10022 0.12354252909392555 0.8957307577585718 84.51284896112483
1732024301924002816 -2295.10498 1208.412231 1925.32251 0.07128985083694181 1.0001815009065664 84.40414556815766
1732024301957344512 -2296.907227 1207.229126 1911.6252439999998 -0.24167283055345945 1.1354676146278873 84.38358080207642
1732024301990686208 -2298.643799 1205.989136 1897.634521 -0.4467016423536589 1.138596927824848 84.39117440986838
1732024302024027648 -2300.745361 1204.444946 1878.414734 -0.566699193857992 1.3407936270924723 84.39520376678757
1732024302057369088 -2302.11792 1203.329712 1864.196228 -0.8584554903950082 1.5255837070383964 84.35939651478088
1732024302090710784 -2303.440186 1202.437256 1849.911194 -1.0331435756971816 1.533153065263474 84.35578447113258
1732024302124051456 -2305.106934 1201.476929 1829.746399 -1.0096319792746111 1.6610045985671207 84.41432360050716
1732024302157393152 -2306.347168 1200.773438 1813.922424 -0.9859798942697783 1.5504893253670595 84.464535791591
1732024302190734336 -2307.582275 1200.085938 1798.0859990000001 -0.8947252188452295 1.3540959229383969 84.33187054318039
1732024302224076288 -2309.57666 1199.603271 1776.382263 -1.0330058131484965 1.257278264481529 84.40328987020138
1732024302257417984 -2310.897705 1199.612305 1759.4071040000001 -0.9376263427326296 1.3086960481437422 84.4957625224772
1732024302290759680 -2312.186768 1199.447266 1742.28009 -0.8310417302361186 1.3165973090325387 84.53263536361156
1732024302324101120 -2314.19043 1199.526123 1719.287292 -0.8372897955651106 1.5617413377154112 84.59522832909974
1732024302357442304 -2315.80249 1199.667114 1701.911591 -0.9416903576984507 1.8351434344347688 84.63634711220904
1732024302390784256 -2317.254639 1199.600952 1684.511505 -0.8104764674555485 1.860263595534802 84.61264224267036
1732024302424125696 -2319.036377 1199.467773 1660.980408 -0.4588964106674017 1.820818521519232 84.59717260619107
1732024302457467136 -2320.552979 1199.292358 1643.435089 -0.2592944749703891 1.7778309517700457 84.536261857465
1732024302490809088 -2322.218018 1199.097168 1626.097992 -0.30079246253459047 1.8401916840058197 84.49648087025616
1732024302524150272 -2324.156982 1198.909058 1603.522461 -0.510478790543603 1.7950279159110185 84.61232003897005
1732024302557492224 -2325.460693 1198.653564 1586.616547 -0.42006258479597797 1.7116382622973896 84.6381817953533
1732024302590832640 -2326.686523 1198.72583 1569.969635 -0.2667935338349712 1.4244065928236815 84.85850081871389
1732024302624174336 -2328.810791 1198.972412 1549.3637390000001 -0.8193239481468686 1.5696326072544629 85.0440703884855
1732024302657516032 -2330.473633 1199.146362 1534.267548 -1.379995148103797 1.809197486749933 85.14280373907738
1732024302690857984 -2331.665283 1198.430176 1519.063507 -1.2888860373909248 1.4521350197429301 85.26194451782426
1732024302724199936 -2333.437988 1199.473022 1500.887238 -1.796729737266558 1.8515854985940132 85.48908730927572
1732024302757541888 -2334.752686 1200.070312 1488.05423 -2.0298202266191154 2.124477699669704 85.49551290553244
1732024302790883840 -2335.734375 1200.062134 1475.619263 -1.977322245180424 1.793030083460337 85.58302046691118
1732024302824225536 -2336.815674 1200.914673 1460.849487 -2.1980507385809998 2.070692944526435 85.56731867467384
1732024302857568000 -2337.466064 1201.33667 1450.368698 -2.139178319733943 1.9362667889736613 85.56885604819088
1732024302890909952 -2337.997559 1201.69519 1440.707611 -2.3655907627149677 2.0506472185591567 85.47882400040598
1732024302924251904 -2338.664062 1202.034302 1428.959503 -2.68375791173563 1.8035076261833458 85.44857296963123
1732024302957593856 -2338.789551 1202.107178 1420.695175 -2.6532442044293223 1.4645489127028917 85.36423108860292
1732024302990936064 -2338.701416 1202.117554 1413.132202 -2.489450045810062 0.9833888767148877 85.24762970200223
1732024303024277248 -2338.960205 1203.277344 1404.659363 -3.024394472645894 1.3518480782209557 85.03670905076672
1732024303057619200 -2338.797852 1203.564331 1398.818451 -3.175459622506319 1.3840960506423345 84.84273519422987
1732024303090961152 -2338.537598 1203.860962 1393.814102 -3.375846263348311 1.3097951249894746 84.70858804435748
1732024303124303104 -2337.889648 1204.085205 1388.908463 -3.542988996094389 1.2434555799168674 84.49940840561344
1732024303157645312 -2337.071777 1203.870239 1386.322983 -3.5179321864548982 0.8951189523821298 84.39373346932038
1732024303190987264 -2336.373047 1204.116333 1385.249359 -3.630471971237073 0.83441990032388 84.29759113664815
1732024303224329472 -2335.14917 1204.120239 1385.571152 -3.7551708817069054 0.9045663391233439 84.15132482008381
1732024303257671424 -2334.159424 1204.330811 1387.511978 -4.079409789114482 1.2060294652349097 84.18253717601901
1732024303291013120 -2333.070068 1204.139648 1390.73111 -3.894919930276149 1.0293368452519938 84.15243311493003
1732024303324355584 -2331.77002 1204.19043 1397.281616 -4.041661228205727 1.1725379091013384 84.3047546478417
1732024303357697536 -2330.830078 1203.892212 1403.530258 -4.009948480967661 1.1099638149217215 84.38913575468699
1732024303391039488 -2330.160156 1203.813477 1411.165726 -3.9226265605532338 0.9922394004621519 84.48675671003278
1732024303424381696 -2329.256836 1203.472656 1422.906937 -3.9182160627543268 1.0135860681737339 84.60024167756177
1732024303457722624 -2328.646729 1202.782715 1432.323425 -3.4689594149603793 0.5835495771914175 84.64043212507585
1732024303491064832 -2328.032227 1202.957031 1443.066498 -3.2498417021368557 0.6591163358060679 84.6406808743423
1732024303524406784 -2327.280518 1203.386841 1458.429382 -3.1592852135639142 1.1423219088345538 84.67766056453468
1732024303557748736 -2326.54248 1203.028442 1470.264862 -2.9025334501942592 1.080483542096435 84.75840361748334
1732024303591090688 -2325.744873 1203.394531 1483.136688 -2.954991309130523 1.4118802192987288 84.78888243216264
1732024303624432896 -2324.584229 1203.981323 1501.661133 -3.03276271554475 1.694846053314733 84.89880267132695
1732024303657774848 -2323.467041 1204.086792 1516.028046 -2.720000535513862 1.8925980741700161 84.84180528248936
1732024303691117312 -2322.239746 1204.454712 1531.31485 -2.5665468099964017 1.8533313230933424 84.96137426930555
1732024303724459264 -2320.323486 1204.444336 1551.948547 -2.308290011643874 1.9248804752990165 84.99565331293316
1732024303757801472 -2318.818115 1204.78894 1567.937836 -1.8701283509043978 1.9547283453122482 84.92872654401476
1732024303791143680 -2317.080566 1205.111938 1584.002075 -1.4290753515207812 1.8306360843934704 84.95609595176983
1732024303824485888 -2314.926758 1206.438721 1606.107239 -1.297034230867811 1.7552800344169406 85.146754412119
1732024303857828096 -2313.344482 1207.171143 1622.477478 -1.0443881618695556 1.722507422094093 85.13568947867724
1732024303891170304 -2311.884521 1208.509766 1639.1666559999999 -1.079141349785531 1.8900545906798747 85.1295295769696
1732024303924511488 -2309.678467 1210.353149 1661.063995 -1.0319293017056295 2.059884971709185 85.15063953556886
1732024303957853696 -2307.680176 1211.503784 1677.199097 -1.1061526268869286 2.0859306042804393 85.2293083606461
1732024303991195904 -2305.921631 1213.088867 1693.546478 -1.2113476382527946 2.158535086989635 85.2880125715789
1732024304024538112 -2303.207275 1214.228516 1714.464844 -1.3240762077574175 2.5586139221959194 85.2561983973431
1732024304057880320 -2300.700439 1215.110107 1730.246399 -1.1727085718323704 2.349829534884432 85.2302726288125
1732024304091222784 -2298.01123 1216.170898 1745.322327 -1.0072720046317492 2.3799223543939556 85.31252975358304
1732024304124564736 -2294.422363 1217.319092 1764.858215 -0.8949494266572924 2.147442735490503 85.53970371008832
1732024304157906688 -2291.605225 1218.005859 1778.8110960000001 -0.7732537331020117 2.161722419208794 85.61508594297784
1732024304191249408 -2288.77832 1218.739868 1792.801941 -0.74278154428302 1.9488323182725786 85.85684596232106
1732024304224591616 -2284.892334 1218.940674 1810.2189329999999 -0.49029660771121775 1.8654090061445645 86.02606824215567
1732024304257933824 -2282.234131 1219.403076 1823.0067749999998 -0.4785453482551077 1.6053302339670057 86.41409426471743
1732024304291276288 -2279.464355 1220.010986 1835.2979739999998 -0.4827223791868059 1.5046538479989013 86.72272776372218
1732024304324618240 -2276.09668 1220.346069 1850.8648070000002 -0.41725909594369726 1.2516616820463025 87.05827480313302
1732024304357959424 -2273.610107 1220.764771 1862.169983 -0.40529271389497307 1.1038680437120905 87.19359865101259
1732024304391301888 -2271.506836 1221.414062 1873.3842769999999 -0.3911481126261751 0.8947295547050133 87.36738198368856
1732024304424644096 -2269.033691 1222.291016 1887.789246 -0.3085570532540372 0.6113309118904 87.419768693947
1732024304457986304 -2267.348145 1223.056152 1898.130066 -0.2162425395780033 0.4926579335767833 87.309725878496
1732024304491328768 -2265.900391 1223.802734 1907.794678 -0.21783967944615662 0.49400124181307 87.09935761385215
1732024304524670720 -2264.490967 1225.439575 1920.248352 -0.338955150596625 0.5177334772239085 86.93367194545736
1732024304558013184 -2263.553711 1226.566528 1928.960388 -0.3824085317651053 0.49944410549580237 86.740532088349
1732024304591355648 -2262.958984 1227.520142 1937.19342 -0.5363871236555318 0.6091800425857846 86.51492596824892
1732024304624697600 -2262.197266 1228.6427 1947.125427 -0.5479974495715224 0.6219174534939029 86.28716720599179
1732024304658040064 -2261.619385 1229.610229 1953.878784 -0.47955241626011813 0.7582519003756895 86.15148719204076
1732024304691382272 -2261.419189 1230.363403 1960.1282959999999 -0.4580647200462394 0.6896928876695668 86.02546974740332
1732024304724724224 -2261.196045 1231.154297 1966.715332 -0.3795417087043678 0.7622095947947019 85.956334953729
1732024304758066688 -2261.066162 1231.602417 1970.3923340000001 -0.2573919604625842 0.8560128128111724 85.85484187522788
1732024304791407872 -2261.131348 1231.790527 1972.969666 -0.04835036215120551 0.8391215759240114 85.76043275697856
1732024304824749824 -2261.413818 1231.674316 1974.441101 0.18891912720933274 0.8209332264544751 85.67439196312291
1732024304858092032 -2261.946777 1231.545288 1974.2323 0.22101973985429593 0.6800673153609722 85.6737997646185
1732024304891434240 -2262.533691 1231.076782 1972.5714110000001 0.2063098406236598 0.6769269377763738 85.6043534741109
1732024304924775936 -2263.269775 1230.605103 1968.935547 0.32054362792612484 0.5327082641361994 85.44223429699451
1732024304958118400 -2264.12915 1230.070435 1965.138123 0.30077670787917576 0.49074959836724796 85.31247112196617
1732024304991460864 -2265.085938 1229.420044 1960.500488 0.2287862909612906 0.4343970480538743 85.06541539716234
1732024305024802304 -2266.793457 1228.476074 1952.5547490000001 0.19940229187216452 0.6537344059828735 84.70940248630112
1732024305058145024 -2268.371826 1227.786621 1945.856567 0.18686501107094125 0.6511802781110926 84.3836271645999
1732024305091487232 -2270.118408 1226.866699 1938.3267210000001 0.028761785930758184 0.675018837027597 84.13123886926677
1732024305124829184 -2272.218262 1224.764038 1926.8984990000001 0.205128490914503 0.5853347247058588 83.52615443238959
1732024305158171136 -2274.301514 1223.82373 1918.2769170000001 -0.19130920215251754 0.9303986161842034 83.53283940081677
1732024305191513856 -2276.313721 1222.417603 1908.9262700000002 -0.08038501001681685 0.9984255223270837 83.35741296567414
1732024305224855552 -2279.0 1219.980225 1895.440979 0.10275428047935753 0.966049515984914 83.1723059290014
1732024305258196736 -2281.449219 1218.124878 1884.8255000000001 0.12124717719828718 0.8999076253005324 83.1461969191763
1732024305291539200 -2284.187256 1216.309692 1874.15094 -0.0546332542086594 0.848136692879493 83.09964765062216
1732024305324881408 -2287.852539 1214.098022 1859.12616 -0.029747229095776366 1.1128426932873206 82.96480541913367
1732024305358223616 -2290.552979 1212.598877 1847.610657 0.04009356990672 1.3945532951584165 82.81581085237413
1732024305391565824 -2293.525391 1211.254028 1835.946106 -0.05437348090790017 1.8400907020885913 82.70154626890378
1732024305424908032 -2297.564697 1209.503296 1819.606812 -0.12027164443838718 2.450508561621492 82.48798137441536
1732024305458250240 -2300.48877 1208.124023 1807.0158079999999 -0.1121415892005902 2.6669384087483525 82.37021450425016
1732024305491592448 -2303.123291 1206.467773 1793.675293 0.10577676730652262 2.7933687624593886 82.21576024025937
1732024305524934656 -2306.875244 1204.114868 1775.574158 0.16141721265642928 2.8030060091218254 82.06539908310569
1732024305558276864 -2309.510986 1202.541382 1761.5101319999999 0.18359880611837592 2.652857554204236 82.04204233494642
1732024305591619072 -2311.997803 1201.140991 1746.990906 0.21252802343525135 2.4999656630637443 82.0060387225998
1732024305624961024 -2314.856689 1199.588257 1726.497742 0.41189291501789854 2.467165711716268 82.02549684095167
1732024305658303488 -2316.890869 1198.788086 1710.719666 0.5588728288971055 2.365782607350662 81.96620701850165
1732024305691643904 -2318.886719 1198.134399 1694.352844 0.5796517631238265 2.505197918192626 81.85648651106841
1732024305724985088 -2321.331299 1198.297363 1672.263947 0.31855376821483883 2.426452167675426 81.801735865431
1732024305758326784 -2323.867188 1198.135254 1648.8948970000001 0.33008246661134516 2.5276941883018638 81.60258913454659
1732024305791668224 -2325.039062 1198.209351 1637.112152 0.30742119240796006 2.5473173385958296 81.53209834646358
1732024305825009920 -2327.340088 1198.651855 1613.737488 0.01329096711383146 2.633334422951285 81.54490672923556
1732024305858351104 -2328.816895 1198.821411 1596.235077 -0.0869614852156395 2.7144281235395624 81.51929300612134
1732024305891692288 -2330.345703 1199.444946 1579.136688 -0.28162795337317786 2.9060918999435943 81.60757194492913
1732024305925034240 -2332.085449 1199.645264 1556.246552 -0.2045121711621078 3.153318969395534 81.7028282612448
1732024305958375424 -2333.394287 1199.994629 1539.458923 -0.1181760482078648 3.1130990727284584 81.88627548103682
1732024305991717120 -2334.9729 1199.925049 1522.922913 -0.43646780744710284 3.1408815842515017 82.0558673612541
1732024306025058304 -2337.392334 1199.875488 1501.993011 -0.896874481089455 3.233030011596645 82.09445144065992
1732024306058400000 -2338.882568 1199.488403 1486.576569 -1.0326752323285127 3.1807170490554544 82.21661550220874
1732024306091741440 -2339.977539 1198.764404 1471.428436 -1.0103807519881125 3.224453189939319 82.21350526224109
1732024306125081856 -2341.830322 1198.491699 1453.334885 -1.3400594355221536 2.9396426371768976 82.40726449188027
1732024306158423296 -2343.204102 1198.425903 1441.0627749999999 -1.7339526128446292 2.8518385782095783 82.50202692986899
1732024306191764736 -2344.20752 1198.37085 1429.754715 -1.9950886937835666 2.8608387155428274 82.57746275271096
1732024306225105920 -2345.17041 1198.073364 1416.457962 -2.16668354738402 2.810632644816123 82.725740512121
1732024306258447872 -2345.763184 1198.338379 1408.151825 -2.522503890713602 2.8922611152986257 82.97068603455921
1732024306291789056 -2346.001709 1197.942017 1400.60672 -2.604718769730054 2.7697093348020427 83.20184272719793
1732024306325130752 -2346.11499 1197.578613 1392.580475 -2.6803003512140817 2.6559804584591666 83.50176923710418
1732024306358471936 -2345.983398 1196.921753 1387.347198 -2.524923839892748 2.4517532826029047 83.64776532345637
1732024306391813632 -2345.734131 1196.259888 1382.871048 -2.461995528969372 2.401929807863991 83.78496099522604
1732024306425155072 -2345.348145 1195.112427 1377.766571 -2.284991096504632 2.2666494387252856 83.94779087295079
1732024306458496256 -2345.195557 1194.105469 1374.383499 -2.0791419247420544 2.16638279462258 84.04444098535669
1732024306491837952 -2345.070557 1192.663208 1370.926483 -1.680505775230901 1.7542086793613818 84.14531991339834
1732024306525179136 -2345.445068 1191.354126 1367.558792 -1.7255789195308027 2.0187083661528793 84.25520326140689
1732024306558520832 -2345.89917 1190.163574 1365.017868 -1.621689864079782 2.0748429891580624 84.33428409339128
1732024306591861248 -2346.128418 1188.291748 1362.022766 -1.3901963092867504 2.018141152300738 84.3725058811112
1732024306625202688 -2346.432129 1186.184082 1358.404892 -1.2441441642050712 1.8708413393470074 84.55817370490942
1732024306658544384 -2346.457275 1184.835693 1355.554428 -0.8230114567079684 1.87356871154565 84.45902670517314
1732024306691885056 -2346.177734 1182.623291 1351.850357 -0.49273319442461067 1.63170986899731 84.43289530048557
1732024306725225984 -2345.572266 1180.922852 1348.376434 -0.6059908228077688 1.69286977206482 84.4896444161962
1732024306758566912 -2344.64624 1179.49707 1345.771042 0.12528874448605848 1.4346581033367012 84.50044897400775
1732024306791907840 -2344.039795 1178.62207 1343.989929 0.44705980398835704 1.0492630833854775 84.46336453921829
1732024306825248512 -2343.262939 1177.771973 1341.7883 0.8972864710525092 0.7948319252185044 84.42202528891272
1732024306858589440 -2342.907715 1176.509766 1340.118408 1.0856220844383582 0.311041378304016 84.43942968852447
1732024306891930112 -2342.798828 1176.311279 1339.204239 0.8343331912837761 0.20781654962245885 84.5768175766489
1732024306925271040 -2342.001465 1174.993042 1336.825821 1.0283670649099232 -0.5726147461580218 84.81438627091713
1732024306958611968 -2341.458496 1174.369995 1335.596954 0.7639928159570035 -0.7313942405961845 85.04241504511151
1732024306991952640 -2341.596191 1174.399536 1335.651978 0.7278503023031505 -0.7560696154749192 85.05144182482066
1732024307025292288 -2341.584229 1174.253784 1335.561615 0.744656170587154 -0.7570152370083519 85.04631081604524
1732024307058633216 -2341.59375 1174.426025 1335.663498 0.6503666675031455 -0.6486226702182829 85.0716351770865
1732024307091973888 -2341.568115 1174.580566 1335.809036 0.5293056351897765 -0.5181411562239694 85.09601360909483
1732024307125315072 -2341.466797 1174.577881 1335.717072 0.551761377323077 -0.47048654177809845 85.05611768471078
1732024307158656000 -2340.851562 1173.861328 1334.841293 1.137346975163047 -0.8885840709642888 84.80300282319156
1732024307191996416 -2341.509521 1173.762451 1334.592545 1.1897699269022874 -0.7263623791812351 84.99135121414402
1732024307225337088 -2341.48999 1173.994263 1335.215179 0.8415744266449049 -0.6155894462570125 84.94894997880174
1732024307258678016 -2341.553955 1174.171021 1335.364502 0.7904620818984399 -0.6742681776075702 85.01437108333198
1732024307292018688 -2341.574707 1174.159668 1335.360474 0.7847383840496526 -0.6799436533195686 85.02391641770336
1732024307325359104 -2341.536621 1174.184814 1335.372025 0.7884030888923724 -0.6813188003912712 85.02112973852711
1732024307358700288 -2341.545166 1174.18811 1335.373596 0.7846383943278558 -0.6788817029517547 85.0177329908561
1732024307392040704 -2341.513428 1174.175781 1335.354523 0.787369324034643 -0.6765209485964149 85.0165941690726
1732024307425381632 -2341.554443 1174.168091 1335.344788 0.7848848193627749 -0.6738038250146469 85.01507079784542
1732024307458721280 -2341.551758 1174.156372 1335.345978 0.7960501221808611 -0.6749733329316261 85.01535991217902
1732024307492062208 -2341.571533 1174.184326 1335.3712620000001 0.7852338900996019 -0.6786657686820374 85.020163931194
1732024307525402880 -2341.554932 1174.195679 1335.385696 0.788648266810205 -0.6831437732756203 85.01828396111839
1732024307558743808 -2341.543213 1174.172974 1335.373062 0.7877219108960373 -0.6852428380989932 85.01793124012286
1732024307592084224 -2341.558105 1174.162842 1335.355591 0.7938020708789382 -0.6776742557858786 85.01675591605023
1732024307625425152 -2341.553711 1174.167603 1335.35527 0.7823230736182212 -0.674984290310761 85.01476026936054
1732024307658765568 -2341.553955 1174.18396 1335.364136 0.7972886733180409 -0.6850769288376154 85.01586009039691
1732024307692106752 -2341.543945 1174.189819 1335.3585659999999 0.7994725791544917 -0.686581199766556 85.01831960352305
1732024307725447936 -2341.556885 1174.198975 1335.352646 0.7968292847214175 -0.6859025612736168 85.01868636446595
1732024307758789120 -2341.560547 1174.187256 1335.379608 0.7809655489374043 -0.6766939595304846 85.02375082450821
1732024307792130304 -2341.544189 1174.198364 1335.340866 0.7826909244310771 -0.6790158874693145 85.0195152200883
1732024307825471232 -2341.946533 1174.192749 1335.317566 0.778068195026508 -0.6712806094747901 85.16083578488593
1732024307858812416 -2342.030273 1174.554932 1335.704849 0.7275633970388126 -0.7665377668455112 85.20826832202711
1732024307892153088 -2341.994141 1174.539062 1335.6893460000001 0.7416745812379161 -0.7680062923395069 85.20969281966642
1732024307925493504 -2342.062988 1174.529663 1335.732086 0.7290569095336366 -0.7590793719583772 85.19618622756889
1732024307958834432 -2342.627197 1174.673706 1335.625015 0.7790470897554312 -0.8143791450575804 85.09708441627339
1732024307992175616 -2342.629395 1174.671753 1335.6186069999999 0.7834397448607547 -0.8114534293294589 85.09408249008445
1732024308025516800 -2342.060547 1174.617065 1335.650848 0.7863468882067891 -0.8372463771086992 84.93424346652418
1732024308058857472 -2342.068359 1174.621582 1335.643097 0.7779010122383015 -0.8338000789194463 84.92828189839614
1732024308092198912 -2342.068848 1174.641968 1335.6371 0.78543399163046 -0.839642455903006 84.9356047545458
1732024308125539840 -2343.141357 1174.673096 1335.656769 0.8401137131235008 -0.8372652667163013 85.15401371792865
1732024308158881024 -2343.44458 1174.630737 1335.6816860000001 0.8412409624184589 -0.8163158274174037 85.09063319643153
1732024308192221952 -2343.80957 1174.471069 1335.843201 0.8692921909007049 -0.7674412690879143 85.05671089679394
1732024308225563136 -2343.774658 1174.508667 1335.793564 0.8903670172924686 -0.7704662611491245 85.0525087974602
1732024308258904064 -2343.241943 1174.445801 1335.881042 0.8704528387939936 -0.7909124584190786 84.89607616026083
1732024308292245248 -2343.24707 1174.432373 1335.872025 0.8847059761656204 -0.8016490077389713 84.89339466905417
1732024308325586432 -2343.145752 1174.327271 1335.231628 0.9681263485425202 -0.6671893987661407 84.8696722351052
1732024308358926080 -2342.47583 1174.029175 1335.539078 0.8843599916989974 -0.6514552188994499 84.95918315558765
1732024308392267264 -2342.485352 1174.047729 1335.538544 0.882214609017226 -0.6526640448008706 84.9602952471682
1732024308425607936 -2342.487061 1174.051636 1335.539078 0.8885366803741006 -0.6550545800527642 84.96245675031673
1732024308458949120 -2342.078613 1174.085205 1335.516602 0.8353774485793585 -0.63254692618306 84.91968650155331
1732024308492290048 -2342.094482 1174.076172 1335.507767 0.8301221354843505 -0.6256083958275986 84.9222284503425
1732024308525631232 -2341.569824 1174.186646 1335.380661 0.7872520662644087 -0.6788756563224838 85.01528226608038
1732024308558971904 -2341.552734 1174.188965 1335.33461 0.7929248554206316 -0.6809030923753727 85.01893295283152
1732024308592313088 -2341.561768 1174.18457 1335.351944 0.7885584375131705 -0.6766716311920817 85.01740742818677
1732024308625654016 -2341.529785 1174.158081 1335.332886 0.7958789120991095 -0.6842992693411103 85.01918071493795
1732024308658995200 -2341.552979 1174.163086 1335.348663 0.7904060758229392 -0.6774195172678505 85.02209981372589
1732024308692336896 -2341.567139 1174.209473 1335.362106 0.7861639638756598 -0.674760922825538 85.01912987039232
1732024308725678080 -2341.551514 1174.190796 1335.359863 0.7912392010608597 -0.6756900369553629 85.02083417840484
1732024308759019520 -2341.55249 1174.186646 1335.343918 0.7872739823620993 -0.6850404116844471 85.01333220790278
1732024308792359936 -2341.562012 1174.203613 1335.383057 0.7821572783974127 -0.6794288868289208 85.02441280982713
1732024308825701632 -2341.555664 1174.193115 1335.370529 0.7919495138068392 -0.682522271930129 85.02186440935544
1732024308859043072 -2341.562744 1174.185181 1335.3538819999999 0.7948204532356471 -0.6808533110078014 85.02376194630506
1732024308892384512 -2341.55127 1174.192749 1335.3741459999999 0.7822343655574086 -0.6754933929061067 85.02007441677418
1732024308925726208 -2341.552979 1174.192383 1335.346344 0.7837642735565504 -0.6765101589482584 85.01868316387001
1732024308959067136 -2341.557617 1174.163208 1335.370316 0.8000185463773641 -0.6921614212914164 85.01983411672947
1732024308992409088 -2341.556396 1174.1875 1335.353394 0.7861110989089461 -0.6804935727778219 85.02199666950172
1732024309025750528 -2341.553955 1174.168335 1335.354233 0.7939125108329708 -0.6890582430434836 85.02114364616632
1732024309059091968 -2341.555664 1174.178833 1335.351959 0.7925415042552135 -0.683479289544937 85.02124539344578
1732024309092433408 -2341.554932 1174.151611 1335.3311 0.7885275515552836 -0.6841634329296545 85.0202068778199
1732024309125774848 -2341.559814 1174.1698 1335.349319 0.7975625387190044 -0.6768463744900018 85.01639324558019
1732024309159116288 -2341.553467 1174.167969 1335.347076 0.7927435142278081 -0.6862026306780302 85.01749345719129
1732024309192457984 -2341.577393 1174.160645 1335.347427 0.7924402428784207 -0.6805301344411736 85.02047606049642
1732024309225799424 -2341.553467 1174.167969 1335.356491 0.7943054103114211 -0.6816538792232034 85.0199772733296
1732024309259139840 -2341.558838 1174.175171 1335.373444 0.7880194117728903 -0.6800780200287405 85.01733227173473
1732024309292481280 -2341.563477 1174.190186 1335.3629 0.7940428030595793 -0.6806786233429862 85.02027688982388
1732024309325822720 -2341.556641 1174.16748 1335.346039 0.7942138801795593 -0.678279815890146 85.01378641172053
1732024309359163904 -2341.56665 1174.194702 1335.375992 0.7812149260828126 -0.678611489997399 85.01947658136987
1732024309392505600 -2341.562744 1174.169312 1335.370087 0.7854435398348381 -0.6714827305825363 85.01622225729108
1732024309425847040 -2341.571777 1174.189087 1335.375565 0.7814620870975253 -0.6798801787901663 85.02285223346733
1732024309459188480 -2341.555664 1174.170776 1335.356262 0.7937906630975109 -0.6900693621062913 85.02677025636633
1732024309492529920 -2341.55542 1174.188599 1335.351013 0.79196606139645 -0.6791131304098028 85.02210038148111
1732024309525871104 -2341.561523 1174.187744 1335.3741909999999 0.7969105817101276 -0.6865048828063485 85.01873421677949
1732024309559212800 -2341.549316 1174.172241 1335.338409 0.8004951258186712 -0.6854329681259977 85.02025310468335
1732024309592554240 -2341.561768 1174.179565 1335.365448 0.7902414333739021 -0.6698480186353722 85.01879592348736
1732024309625895680 -2341.563721 1174.198608 1335.353729 0.7813135112856819 -0.6726577546856852 85.01663477661195
1732024309659237120 -2341.539551 1174.178467 1335.3448329999999 0.7960791630720696 -0.6857330143782886 85.01792561008895
1732024309692577024 -2341.564209 1174.184082 1335.377991 0.7854957198543113 -0.6783573877336612 85.01839286792587
1732024309725917952 -2341.549072 1174.195068 1335.355728 0.779242417473534 -0.6718656995838839 85.02101926520825
1732024309759258624 -2341.552734 1174.155029 1335.334702 0.7990753368252584 -0.6844071952681235 85.01688310624166
1732024309792599808 -2341.568115 1174.18811 1335.3476719999999 0.792479969081725 -0.6807967914151323 85.0176947767151
1732024309825940736 -2341.547852 1174.182861 1335.374069 0.7925868381333939 -0.6737886422730067 85.01864512718218
1732024309859281664 -2341.566162 1174.17334 1335.33873 0.7910377870895253 -0.6780024628261713 85.01801392119685
1732024309892622336 -2341.561035 1174.174194 1335.359741 0.7914063983260033 -0.6814242859620716 85.02018472827629
1732024309925963520 -2341.548828 1174.170166 1335.34761 0.7956951951722842 -0.6857654860102101 85.01919789469696
1732024309959304448 -2341.55249 1174.191895 1335.340485 0.7996326756741577 -0.684580245902462 85.01947150761677
1732024309992645120 -2341.563721 1174.182373 1335.359634 0.7915922732255107 -0.6749573731056578 85.02067956894298
1732024310025986304 -2341.557861 1174.196899 1335.35202 0.7995144530706192 -0.6913313866254447 85.01992413273743
1732024310059326720 -2341.546631 1174.184814 1335.359604 0.7974193184563634 -0.6855586202930593 85.01963789463491
1732024310092667904 -2341.55542 1174.199097 1335.335388 0.7913876998892598 -0.6828736681674873 85.01937735365652
1732024310126007552 -2341.541504 1174.170044 1335.31842 0.7896811355953218 -0.6797034381930509 85.01735125387766
1732024310159348480 -2341.552734 1174.18396 1335.339233 0.7872348842848025 -0.6746976207506704 85.01549729633012
1732024310192689408 -2341.581055 1174.178589 1335.349152 0.7992531642830718 -0.6802953676050669 85.02090761699105
1732024310226030336 -2341.558838 1174.203003 1335.37233 0.78717511502251 -0.6758662154551995 85.02083305399641
1732024310259371008 -2341.558838 1174.17334 1335.34581 0.7940173110729178 -0.6750431047274352 85.01830808464368
1732024310292711936 -2341.550537 1174.197754 1335.353912 0.788434476683183 -0.6769810073798841 85.01751108462592
1732024310326052608 -2341.553711 1174.18457 1335.331894 0.7975672221142769 -0.6845308400238486 85.0193528700018
1732024310359393536 -2341.558105 1174.177002 1335.337555 0.796254963348155 -0.6821873700884697 85.01657395810555
1732024310392733952 -2341.562988 1174.191406 1335.337097 0.7913109034896888 -0.6855558039590628 85.02465053626848
1732024310426074880 -2341.54541 1174.174561 1335.341141 0.791207112617179 -0.6768476476144267 85.01868464580524
1732024310459415808 -2341.648682 1174.405273 1335.509674 0.6576649346238203 -0.5365529793621701 85.03387718542241
1732024310492756480 -2341.543701 1174.174683 1335.336609 0.7990570445241653 -0.6922067560800752 85.02232761120462
1732024310526097664 -2341.549561 1174.169922 1335.339798 0.797241713879628 -0.6808512501693931 85.01877395495619
1732024310559438336 -2341.551758 1174.185913 1335.344757 0.786566134091573 -0.6688460967141295 85.01832527532274
1732024310592777984 -2341.550293 1174.197632 1335.35144 0.7842748947097962 -0.671820255088467 85.01942853491286
1732024310626118656 -2341.550049 1174.179565 1335.338806 0.7910552710164578 -0.682825315282402 85.01877320838841
1732024310659459584 -2341.550293 1174.183716 1335.333359 0.7975170293726754 -0.6840161384636266 85.01983428259629
1732024310692800512 -2341.558105 1174.170532 1335.347214 0.7920994401075238 -0.6828019392459289 85.02053878887187
1732024310726141696 -2341.547607 1174.181396 1335.354355 0.7937047352086213 -0.6836647961516061 85.02253371371428
1732024310759482624 -2341.549316 1174.168701 1335.337051 0.8051639920880844 -0.6934456112978938 85.01939527271794
1732024310792823808 -2341.641113 1174.424561 1335.513504 0.6550867004281389 -0.5341864235036848 85.03917107801627
1732024310826164736 -2341.553711 1174.171143 1335.346771 0.792540106643274 -0.6859782036837219 85.02307862826197
1732024310859505664 -2341.637451 1174.431763 1335.484482 0.6529268132309085 -0.5376752168475053 85.03754681996519
1732024310892846848 -2341.570068 1174.194946 1335.353165 0.7871530336086644 -0.6785398587557384 85.02565724961839
1732024310926187520 -2341.547607 1174.157471 1335.328232 0.8009667327327565 -0.6817317885278068 85.01850451814003
1732024310959528704 -2341.647217 1174.425659 1335.504623 0.6627716506765662 -0.5400822848182499 85.04015203339395
1732024310992869888 -2341.642822 1174.41626 1335.517746 0.6603208412451198 -0.5381408289596238 85.03904031898786
1732024311026210048 -2341.549805 1174.158813 1335.339645 0.8023296948443049 -0.6852144749732625 85.01571677453836
1732024311059550720 -2341.651611 1174.421631 1335.513123 0.6637140368193041 -0.5484979757939369 85.03573078180567
1732024311092891904 -2341.647705 1174.42981 1335.52002 0.651100698787242 -0.5393342791379768 85.03870903488907
1732024311126232832 -2341.65918 1174.430542 1335.512207 0.660956531951872 -0.5502491544420701 85.03655302453758
1732024311159574016 -2341.554443 1174.193604 1335.321808 0.8050898809013252 -0.693637401770746 85.01907681603927
1732024311192914688 -2341.643555 1174.415161 1335.495865 0.6630200110881881 -0.5451835775047534 85.0369187034986
1732024311226255872 -2341.653809 1174.406738 1335.507858 0.6703403982006167 -0.5509206514237072 85.03967563419404
1732024311259597056 -2341.632324 1174.397827 1335.502899 0.6618552069214081 -0.5392708310444926 85.03765095746621
1732024311292937984 -2341.651367 1174.422852 1335.504105 0.6599793307945852 -0.5435732139548172 85.04422206222975
1732024311326278912 -2341.649658 1174.426636 1335.510178 0.6561784497092674 -0.5396878330603103 85.04101170050112
1732024311359619840 -2341.67627 1174.406982 1335.522964 0.667876139688856 -0.5499282178508326 85.03982700492918
1732024311392961024 -2341.657227 1174.408325 1335.507751 0.6554004923861181 -0.5439572928991785 85.03815844042651
1732024311426301696 -2341.659668 1174.40918 1335.487946 0.6659264765016321 -0.5474990638745963 85.03350267350564
1732024311459641856 -2341.581787 1174.182617 1335.354462 0.7904804471744914 -0.6841566860599108 85.01985143943244
1732024311492982784 -2341.653809 1174.416138 1335.518494 0.6554768112111102 -0.5412654877060324 85.04163890508497
1732024311526323712 -2341.559082 1174.185303 1335.343826 0.7887978359930639 -0.6796520640850665 85.02344065937773
1732024311559664640 -2341.562988 1174.200928 1335.355942 0.8014116708379704 -0.6912959763918547 85.01708121622748
1732024311593005568 -2341.549072 1174.196167 1335.350723 0.7839899486142557 -0.6722206313789159 85.01741710805697
1732024311626346752 -2341.551514 1174.178955 1335.31073 0.7971331825951613 -0.6796199846211094 85.01672029223164
1732024311659687680 -2341.550537 1174.161499 1335.328461 0.7917619737410512 -0.6845473447894025 85.02478852282539
1732024311693029120 -2341.645264 1174.413818 1335.496841 0.6555679087353743 -0.5433737546195955 85.03829234124821
1732024311726370816 -2341.55127 1174.175537 1335.333557 0.7860421339082031 -0.6763788690582085 85.01827188706903
1732024311759712512 -2341.557861 1174.181641 1335.33252 0.7783842123012673 -0.6824805827963598 85.0221126257875
1732024311793054208 -2341.549316 1174.191772 1335.326385 0.7794292891817595 -0.673638038332559 85.02264648265992
1732024311826395136 -2341.561035 1174.187744 1335.36792 0.7882018695085439 -0.6824060718008877 85.0260447187068
1732024311859737088 -2341.643799 1174.427246 1335.498672 0.6590449763477919 -0.5448860851787899 85.034030571634
1732024311893078528 -2341.545166 1174.17749 1335.325134 0.7920538614188626 -0.6773506512096409 85.02230067196034
1732024311926419200 -2341.538818 1174.168945 1335.3161929999999 0.7994839128249747 -0.6792671496838097 85.01424730069475
1732024311959760640 -2341.547119 1174.180664 1335.3262789999999 0.7866877415014396 -0.6766762978614724 85.02011644995903
1732024311993102336 -2341.554932 1174.177734 1335.323288 0.79593669670161 -0.6849912063344502 85.01970323533105
1732024312026444032 -2341.547119 1174.191284 1335.335754 0.7912484713160679 -0.6828599026576297 85.0244593928889
1732024312059785472 -2341.544922 1174.167969 1335.335251 0.7927586801987333 -0.6928866972323245 85.02405628943295
1732024312093126912 -2341.540039 1174.183594 1335.336929 0.7933452325743875 -0.6798198606835212 85.0195730668916
1732024312126468608 -2341.549316 1174.191528 1335.345398 0.7838248069798013 -0.6804219378774038 85.01931503349975
1732024312159810304 -2341.537354 1174.187134 1335.332336 0.7974744761874628 -0.6861906601571446 85.01976448797254
1732024312193152000 -2341.547363 1174.189575 1335.3344730000001 0.7906566175517193 -0.6781046095527501 85.02050339006702
1732024312226493440 -2341.528076 1174.159668 1335.333267 0.7904853492838063 -0.6867814166320937 85.01853442892384
1732024312259834880 -2341.543213 1174.201782 1335.341156 0.7825266217548444 -0.6727531370471286 85.02427472863353
1732024312293176320 -2341.538818 1174.179199 1335.333328 0.7924484809505845 -0.6781740154235041 85.0168129912291
1732024312326518016 -2341.542969 1174.171387 1335.325562 0.7885790892711217 -0.6834404490434297 85.01753979253616
1732024312359858688 -2341.545898 1174.182983 1335.318375 0.7916216272912383 -0.6857469829621352 85.0256263816469
1732024312393200384 -2341.54834 1174.183228 1335.337631 0.7905550394591271 -0.6770357647269465 85.01826459297202
1732024312426542080 -2341.54541 1174.1875 1335.343842 0.7874271957863709 -0.6778857012264239 85.02489361529447
1732024312459883520 -2341.553955 1174.18457 1335.338867 0.7950383649070922 -0.6833234825002523 85.01964376961543
1732024312493225216 -2341.547607 1174.194092 1335.340027 0.791604023484696 -0.6809041918208639 85.01886438837518
1732024312526566912 -2341.550781 1174.215576 1335.329803 0.7867478245803542 -0.6729986793706209 85.01657188406466
1732024312559908352 -2341.55249 1174.190186 1335.330338 0.791094718196608 -0.6786994238020964 85.02343361255782
1732024312593250048 -2341.555908 1174.197021 1335.3492430000001 0.7939357516879121 -0.6775938422255559 85.02183419550491
1732024312626591488 -2341.549072 1174.180054 1335.330795 0.7924938655820591 -0.6804872230659257 85.01719544512918
1732024312659933440 -2341.557129 1174.192139 1335.34613 0.7926523613690362 -0.6803409017814391 85.01925840249471
1732024312693274624 -2341.539062 1174.201172 1335.327301 0.7943281410176175 -0.6796344449859467 85.01250624438529
1732024312726615552 -2341.633545 1174.407715 1335.494659 0.6593790601981583 -0.5430590213796515 85.04250819292926
1732024312759956736 -2341.63916 1174.422363 1335.507568 0.6576105236925259 -0.5428984987362155 85.03540045855142
1732024312793296896 -2341.647461 1174.414429 1335.517593 0.6595642682285647 -0.5473390694168945 85.03668630107813
1732024312826638080 -2341.640625 1174.421021 1335.513214 0.6522885031915986 -0.5343754043699608 85.04048226663792
1732024312859979264 -2341.65332 1174.434204 1335.502518 0.6562596437149694 -0.5377644042036087 85.03612642731817
1732024312893320448 -2341.644043 1174.419189 1335.497864 0.6485808897559292 -0.5326177243285154 85.04124989128104
1732024312926661120 -2341.639404 1174.418579 1335.502594 0.6541513386005147 -0.541797868946735 85.03690617194077
1732024312960002304 -2341.648438 1174.432861 1335.507263 0.6558553417384512 -0.5347700553706823 85.04308103606067
