1737482193766183680 715.889893 957.236755 1344.922241 0.7051630953977845 0.3995678940881879 -0.7741048494966574
1737482193799483904 715.891113 957.203369 1344.945984 0.7009744745778347 0.4129936796619688 -0.7582505822223435
1737482193832780288 715.841003 957.183838 1344.948273 0.6955536236107711 0.43808402256316487 -0.7769141077718061
1737482193866072832 715.873169 957.169434 1344.991074 0.67547775146211 0.4275007184766656 -0.7547311982717806
1737482193899360768 715.94458 957.214844 1344.913025 0.7146242526059763 0.3977568821410086 -0.7674653483190443
1737482193932644608 715.778748 956.413635 1345.386551 0.7277935345495935 0.20453665914003238 -1.0276038819319244
1737482193965924096 715.516968 956.525024 1345.119385 0.910684913317066 0.4651421371764056 -1.0418059590579127
1737482193999199232 715.560364 956.508972 1345.124329 0.8957695422152091 0.46622081692807665 -1.05781699350579
1737482194032470528 715.54303 956.501343 1345.141251 0.919891008305 0.4856419145695781 -1.0506619469684442
1737482194065737216 715.536743 956.527588 1345.1213070000001 0.9209957544105113 0.46749686919860456 -1.0449277045446175
1737482194098999296 715.791016 956.36499 1345.408371 0.7318392036286041 0.22515265767091322 -1.0332828349448195
1737482194132257536 715.50647 956.521912 1345.156815 0.8948925916708217 0.5137890495726355 -1.0339554089408296
1737482194165513728 715.520752 956.805054 1345.061569 0.9063357263197294 0.6026031616008164 -0.9048956294739984
1737482194198727680 715.516663 957.362732 1344.648376 0.9432214749581884 0.7180362475243155 -0.8130189539971896
1737482194231934464 715.59729 957.381287 1344.614685 0.9519565633959999 0.6585560566799651 -0.8572375517063969
1737482194265135104 715.470215 956.896912 1344.885071 0.9655728337730684 0.530788823311697 -0.9896649826646934
1737482194298328832 715.488953 956.921143 1344.7868799999999 1.03347536835317 0.47691507882093676 -1.0500471776461575
1737482194331515904 715.36322 956.969299 1344.725571 1.0712392923689695 0.47138865115922296 -1.0711817538921613
1737482194364696320 715.366211 956.980042 1344.727005 1.0950893704930944 0.468263777859809 -1.1131272797799798
1737482194397870080 715.459351 957.054077 1344.76738 1.0846447881886494 0.5060211430429895 -1.1049046084434972
1737482194431037184 715.423828 956.995178 1344.74733 1.0776829901775224 0.4471509060489635 -1.0863119267654457
1737482194464197632 715.426147 956.967957 1344.758072 1.0705448275657532 0.4357869089411198 -1.1008581443719128
1737482194497351424 715.39502 956.707031 1344.864136 1.0716400799981964 0.3820966209053477 -1.2069518171716134
1737482194530498304 715.387939 956.626953 1344.86293 1.0460104363987026 0.3866967981891941 -1.213237796550265
1737482194563637504 715.469666 956.740234 1344.8298340000001 1.0781849486841313 0.3771858829419058 -1.2015039102324159
1737482194596771584 715.405029 956.731873 1344.850555 1.0524908688905565 0.3985021159298883 -1.16551075026272
1737482194629898496 715.465149 956.637817 1344.933685 0.9924879615911557 0.45825176345924107 -1.1119236430827626
1737482194663019008 715.486206 956.54834 1345.050018 0.9384586071820641 0.4609450509004324 -1.1237719209370443
1737482194696132608 715.436951 956.519104 1345.099457 0.9077955247889616 0.5079731498479221 -1.0909690554634208
1737482194729239552 715.404175 956.500793 1345.077209 0.9020274234938832 0.5322935988053715 -1.0863340077916241
1737482194762339840 715.404175 956.572632 1345.059128 0.9263596184537728 0.4831834537511736 -1.079138644281229
1737482194795433216 715.546753 956.528259 1345.12149 0.8979456104156309 0.4663275279332254 -1.0433941838573073
1737482194828519936 715.531555 956.538879 1345.102554 0.9066682027879421 0.47063283519666405 -1.037881874641946
1737482194861600512 715.369812 956.533386 1345.099625 0.9099748752564919 0.4860294040216557 -1.07823724183398
1737482194894673920 715.561218 956.494751 1345.103241 0.8985371516811308 0.5001233550662062 -1.0480866549689407
1737482194927741184 715.392761 956.536133 1345.1289219999999 0.9331980653036588 0.5114271201124518 -1.0667331335157773
1737482194960801536 715.597473 956.550903 1345.095383 0.9349127169128741 0.44758323563308067 -1.0572699472396052
1737482194993853952 715.426453 956.510925 1345.084351 0.9115410586999289 0.5215005343742876 -1.0833100909463584
1737482195026900736 715.45874 956.554749 1345.089432 0.9508641281638752 0.5117784412029208 -1.1025311962736837
1737482195059941120 715.440857 956.510681 1345.047119 0.9172619705461372 0.5055855904212804 -1.114015200096113
1737482195092974848 715.438416 956.477905 1345.079788 0.9254171279826955 0.5111306400834071 -1.070952670439595
1737482195126001920 715.433228 956.537964 1345.0587620000001 0.9287119043070525 0.5096597877718508 -1.1009814389110066
1737482195159024896 715.410217 956.5448 1345.02951 0.9372983219014821 0.47503361558586193 -1.0928572866826007
1737482195192368128 715.600342 957.386719 1344.606506 0.9518345514443662 0.6412214871468125 -0.8505898613703432
1737482195225711104 715.654663 957.4151 1344.530121 0.9581962180169505 0.607631648330815 -0.8371651396749084
1737482195259054336 715.606323 957.394348 1344.546417 0.9798114891580048 0.6352041663589673 -0.8726945533279102
1737482195292398336 715.55896 957.393127 1344.504517 0.9929813091900781 0.6507765080492353 -0.8691659386463534
1737482195325742336 715.414307 956.937317 1344.862198 1.01772234782569 0.5138350861756584 -1.0039080637595728
1737482195359086848 715.34021 956.673401 1344.857559 1.043260220199258 0.4159505096592222 -1.156872422324318
1737482195392431104 715.375977 956.660522 1344.840302 1.0637292214254996 0.41836882132802844 -1.1970998812285079
1737482195425774848 715.368042 956.63739 1344.849594 1.0571987569514583 0.3942814399421045 -1.2025585826120047
1737482195459119104 715.388245 956.618103 1344.870438 1.0680312386120263 0.4002633844607272 -1.1835545935443466
1737482195492464640 715.413025 956.64447 1344.876205 1.060842683409575 0.4010698558194208 -1.179730672358185
1737482195525809664 715.418274 956.638794 1344.843613 1.0651662408905522 0.3864415991643914 -1.2009142555028978
1737482195559155456 715.446106 956.959045 1344.723602 1.0730112508276632 0.44188656855089153 -1.0766927557933983
1737482195592501248 715.466797 956.96991 1344.666199 1.0868653297497617 0.4538316089067165 -1.1195422859968027
1737482195625847040 715.463562 956.97168 1344.684509 1.0872255324839997 0.4451931836603261 -1.0758067708481314
1737482195659193088 715.375122 956.987061 1344.676727 1.105466086459526 0.475444023495084 -1.0660794877163442
1737482195692539904 715.444885 957.013245 1344.713776 1.109415490910208 0.43929594821297524 -1.0724573758341744
1737482195725886464 715.43042 956.992859 1344.685242 1.1056397327320655 0.4677521742725911 -1.1058698805723266
1737482195759233536 715.429443 956.98468 1344.698547 1.0835156907945651 0.4878451452291118 -1.0660214421776297
1737482195792580352 715.374207 957.014099 1344.696426 1.1289385117930526 0.49763159224399184 -1.0506102309321144
1737482195825927680 715.39856 956.706482 1344.820206 1.0840850504101585 0.42644594023607135 -1.2193637594485844
1737482195859275008 715.389771 956.716187 1344.820389 1.079533262736379 0.36497197194390113 -1.2052821355217307
1737482195892622080 715.419678 956.69165 1344.812744 1.078580626132855 0.4097238698387158 -1.1875866212943134
1737482195925969920 715.408569 956.966003 1344.654358 1.1083740191715425 0.45937840800238705 -1.09364566305483
1737482195959318272 715.468628 956.957703 1344.641571 1.0965190641663907 0.42245102743730567 -1.1092296394211494
1737482195992666624 715.449829 956.945068 1344.660309 1.1144450238821089 0.4527565962905361 -1.0961794650045074
1737482196026015488 715.441772 956.977539 1344.63562 1.1082226113267566 0.44582367145081225 -1.0995362182657964
1737482196059364352 715.395081 956.9552 1344.68071 1.0889484148872024 0.4731017183739791 -1.0890059544041093
1737482196092713472 715.430359 956.972656 1344.65567 1.0972909963490272 0.419521094504242 -1.0601668738944483
1737482196126062848 715.44043 956.948486 1344.679443 1.098871762192585 0.4395756745024801 -1.0790840307865188
1737482196159412224 715.242737 957.157166 1344.785919 1.1620400176883698 0.59151252635731 -1.2481247501019972
1737482196192771584 715.227234 957.18335 1344.809845 1.195740306519067 0.5745237032814897 -1.2568460311724212
1737482196226131968 715.420593 956.996277 1344.688889 1.1135168649008098 0.47537908641624915 -1.081006344933332
1737482196259492608 715.459595 956.969299 1344.68576 1.1275753385771914 0.4756370687456495 -1.0761912891587517
1737482196292854272 715.41394 956.687988 1344.837646 1.092266471219202 0.4015286528711229 -1.1906265233659523
1737482196326215168 715.418091 956.703552 1344.811234 1.0845169357851876 0.39372739606540896 -1.2193828649158667
1737482196359577856 715.403442 956.687866 1344.876724 1.105451656633492 0.4132331410205123 -1.2131962934564495
1737482196392941312 715.401855 956.689392 1344.839127 1.0733736208598932 0.4078541993235557 -1.2077672560197952
1737482196426305280 715.405579 956.704163 1344.888596 1.0959507143938418 0.42240037917747053 -1.1818482698825352
1737482196459669504 715.406433 956.707092 1344.8593290000001 1.0910736463582116 0.4079415188315709 -1.1763850979009143
1737482196493034496 715.441711 956.691772 1344.861588 1.0696773805812585 0.3978925957067076 -1.1520770858174811
1737482196526400256 715.431519 956.710388 1344.824677 1.0785725737488299 0.3919013956616883 -1.1936851193706266
1737482196559766784 715.557678 957.441345 1344.469177 1.0574527940316212 0.5773914867785163 -0.9233503794540532
1737482196593133824 715.440369 956.964539 1344.717651 1.0744038458035188 0.47417056149503084 -1.0470724454146814
1737482196626501632 715.444519 956.997925 1344.7286530000001 1.0959387157118552 0.4536164457020004 -1.0849793225545552
1737482196659869696 715.392883 956.993225 1344.67395 1.094216066189085 0.48072806642807164 -1.0723208290394475
1737482196693238272 715.425537 956.953735 1344.6716920000001 1.0725079050093071 0.4762150124069786 -1.0651714397895342
1737482196726607872 715.413513 956.954895 1344.666504 1.0693562613985514 0.49247828169270497 -1.0426534946334578
1737482196759976704 715.427429 956.990112 1344.707703 1.0526332947222294 0.47190851914729354 -1.050331752183271
1737482196793347072 715.483337 956.688599 1344.87114 1.0512168598476408 0.41409947873691183 -1.1400692189523187
1737482196826718464 715.383911 956.659851 1344.846115 1.0490672798439866 0.41346900095556766 -1.1672204447610814
1737482196860090368 715.425659 956.500854 1345.024338 0.9133638995683854 0.5300078657858708 -1.0807995215669837
1737482196893462784 715.474304 956.546448 1345.029572 0.9565016852688912 0.500008766838617 -1.0832900290128065
1737482196926835968 715.377502 956.488647 1345.064484 0.9186931687591567 0.5317151045320646 -1.0518489728806228
1737482196960209920 715.483704 956.522034 1345.08136 0.9637835472561701 0.4952864811618497 -1.0724094523512022
1737482196993583872 715.453064 956.507263 1345.017822 0.9448212681753574 0.4936069176498624 -1.1020749436778403
1737482197026958336 715.417053 956.556702 1344.972183 1.011758957218175 0.47439696318741115 -1.1630033502102555
1737482197060334080 715.499939 956.488525 1345.004929 0.9491925383128239 0.49142796605165523 -1.1311031602345045
1737482197093710336 715.478882 956.598511 1344.980347 0.9725582588412167 0.4996330958220784 -1.0817928014780605
1737482197127087104 715.436768 956.598694 1345.01915 0.9687229970153239 0.5226045538185846 -1.0514712311463208
1737482197160463872 715.42218 956.603088 1344.980103 0.9662879182863764 0.5346406499365721 -1.0778590191183712
1737482197193805824 715.409485 956.601135 1344.998505 0.9969086162709295 0.48707971183235793 -1.1333512234048526
1737482197227147008 715.469849 956.48468 1345.023056 0.9667889387218581 0.5071079021011616 -1.1012405141405084
1737482197260488704 715.421936 956.60144 1344.977524 1.0102010839879751 0.4721762590573364 -1.1277530067343091
1737482197293830912 715.377686 956.651855 1344.834259 1.0689450874938087 0.4272411663463865 -1.1871129598659171
1737482197327172864 715.406677 956.657532 1344.858917 1.0841698901898862 0.41103316616710034 -1.2256125150159036
1737482197360514304 715.472107 956.742371 1344.770935 1.0767294535781826 0.43928498346191247 -1.1794937929392577
1737482197393856768 715.475037 956.82373 1344.860016 1.0747543665382362 0.4725770476019704 -1.1872444531049406
1737482197427198464 715.532043 956.814148 1344.861374 1.078647265370869 0.45910484664430923 -1.2096498220278789
1737482197460540416 715.453735 956.727539 1344.796524 1.0575998283638073 0.4512146149572593 -1.1894845108372467
1737482197493882368 715.513 956.820679 1344.858505 1.0691088357233325 0.4751545018493869 -1.1659788268491043
1737482197527224320 715.246643 956.793457 1344.696854 0.9859732240658121 0.36161195908128924 -1.1202239048596636
1737482197560566272 715.227051 956.769165 1344.622528 0.989071346873728 0.34612261571336517 -1.1115212984262903
1737482197593908224 715.246826 956.797852 1344.6883540000001 0.963144639009776 0.34407674046009 -1.1264848763132027
1737482197627249920 715.280029 956.706177 1344.836105 0.8928981043406835 0.43637586283712304 -0.9934135337677977
1737482197660591104 715.297974 956.690674 1344.814865 0.8865963346541207 0.4315913254627812 -1.00419016279165
1737482197693933312 715.303101 956.55127 1344.952301 0.8718732453172092 0.42358937905474614 -0.9902062133825276
1737482197727275008 715.2323 956.691284 1344.790497 0.8737422890214154 0.4314563436938484 -1.0013725968900944
1737482197760617216 715.2547 956.546753 1344.874008 0.8504577969205912 0.4378548416363682 -1.0299212427401354
1737482197793959424 715.226074 956.650146 1344.832733 0.8829270023011028 0.40610292358302413 -1.0025645142478365
1737482197827301120 715.226013 957.023254 1344.628326 0.9509442580551188 0.39248238481480824 -0.9536466335446068
1737482197860643072 715.216675 957.05719 1344.534378 0.9916093489261835 0.3808956774693211 -1.0185155772967325
1737482197893985024 715.264526 956.954834 1344.526733 0.977309194423201 0.3654984980881577 -1.035511911044656
1737482197927327232 715.215576 956.987488 1344.530426 0.9488315018230632 0.358859402351218 -1.0538201196883397
1737482197960669184 715.227295 956.955322 1344.520828 0.9723667281980193 0.3491178730296385 -1.0317392624454576
1737482197994011136 715.243164 956.990723 1344.575226 0.9862803824627473 0.33770878731095627 -1.0728306632039686
1737482198027353088 715.177612 957.022644 1344.560822 0.9665657331456915 0.3679600480219505 -0.9994760053620334
1737482198060695296 715.261719 957.534607 1344.250137 0.9345154045923916 0.4811751088875088 -0.8395137723073266
1737482198094036224 715.314148 957.546143 1344.292389 0.9172526798725661 0.5519279550968593 -0.82461002700739
1737482198127377920 715.400085 957.442993 1344.390778 0.8376036856013653 0.5750859048600286 -0.7720097133645415
1737482198160720384 715.206116 956.896606 1344.769028 0.8237416419198591 0.5121853576197821 -0.886421651570727
1737482198194061824 715.165344 956.618591 1344.882248 0.8195581415666163 0.4463922490801585 -1.00498819551445
1737482198227403264 715.173035 956.59259 1344.8702700000001 0.8195512554922618 0.4418143727090846 -1.0098632834464079
1737482198260744448 715.232971 956.57373 1344.833603 0.8267098372156064 0.4135112891916443 -1.0412719823552825
1737482198294085888 715.21698 956.662292 1344.815552 0.8477018084711241 0.4492718179420036 -1.0043450836161563
1737482198327427584 715.246216 956.676392 1344.87059 0.8359577953254255 0.4576639730833949 -1.0141002760228208
1737482198360769024 715.236084 956.687012 1344.809677 0.8261931691026951 0.4229040700408711 -1.009687015069884
1737482198394110464 715.303772 956.673218 1344.848785 0.8269228226755545 0.45039165672548925 -0.9354172047959788
1737482198427451904 715.20105 956.633972 1344.827682 0.8125139317179398 0.4636018440392778 -0.9801940002862257
1737482198460793088 715.241638 956.7677 1344.730347 0.9280915460108964 0.37375866440080174 -1.0632751714041995
1737482198494134784 715.186462 956.761536 1344.658752 0.934950294991459 0.3622241711967837 -1.0953555407490632
1737482198527475968 715.194702 956.788208 1344.686356 0.9511185090672616 0.3688765228826153 -1.0910682134754746
1737482198560816640 715.308472 956.709045 1344.785355 0.8844873075507204 0.41877399191215364 -1.016388099037193
1737482198594157824 715.250732 956.788147 1344.695129 0.9393062430554932 0.39169279705827453 -1.0884260994797674
1737482198627499520 715.197754 956.781006 1344.686371 0.9694512052657865 0.3984391694818343 -1.0864083465621486
1737482198660840704 715.253174 956.75769 1344.684113 0.9156564139346358 0.3892570388636451 -1.0808716626429669
1737482198694182400 715.249878 956.769043 1344.746445 0.908721702875294 0.4452546131887775 -1.0401648567367783
1737482198727523840 715.345947 956.793701 1344.75856 0.9342099786301371 0.45803961657657094 -0.9916256473903489
1737482198760865280 715.205139 956.761353 1344.70163 0.9284840391196209 0.4958368222982589 -1.0087375102965568
1737482198794206720 715.255676 956.720764 1344.727325 0.9320411398650922 0.5072878419976339 -1.0245910356812948
1737482198827547904 715.198608 956.730835 1344.764633 0.9182765459149194 0.5057597031834202 -1.0033427883023074
1737482198860889088 715.383545 956.802063 1344.8813480000001 0.8869802576544238 0.5336761900929482 -0.9701097984287241
1737482198894231040 715.239929 956.780151 1344.845016 0.9059304011718927 0.5887668460994079 -1.0132341422906614
1737482198927572224 715.288391 956.792603 1344.756775 0.928981858184035 0.5800711474435971 -1.0319006037489271
1737482198960913920 715.183777 956.745911 1344.713867 0.9320440998397591 0.5344461065276691 -0.996061514869023
1737482198994254080 715.218079 956.790771 1344.665298 0.9630061444710493 0.5136090940769039 -1.0207668394842444
1737482199027595520 715.201355 956.776672 1344.657211 0.9510716815543058 0.5189376672060627 -1.0197718040516823
1737482199060937216 715.112 956.889893 1344.528793 1.0526679546698308 0.4677847541053037 -1.0876790004089238
1737482199094278400 715.251526 956.81366 1344.631668 0.981860435189293 0.43148606755786606 -1.0472867921887759
1737482199127620096 715.200928 956.817444 1344.671082 0.9890097129384113 0.4418001101146869 -1.0725044726007282
1737482199160961024 715.238403 956.743591 1344.723846 0.919654538680498 0.4147203118707135 -1.007757946569872
1737482199194302720 715.269348 956.717957 1344.7517090000001 0.8830248928931773 0.39420715012105645 -1.012884624107691
1737482199227643904 715.194031 956.794861 1344.655685 0.9822860435063296 0.3203907751559914 -1.1057424895145083
1737482199260985856 715.251282 956.764648 1344.655365 0.9434858680924688 0.3274602311568107 -1.0810570109713604
1737482199294327552 715.148071 956.711548 1344.675873 0.9653895845157768 0.30189818752730324 -1.1271180088724078
1737482199327668736 715.2323 956.646484 1344.697083 0.9306594047392351 0.32499866949169465 -1.0857252287853183
1737482199361010432 715.213867 956.684509 1344.653168 0.9481344588664539 0.29851039880232744 -1.1192509274035756
1737482199394351872 715.198792 956.754578 1344.699066 0.9483000768990705 0.3168050953538238 -1.0863468299284402
1737482199427692288 715.23999 957.021729 1344.56987 0.9555117267068606 0.41051436279664566 -0.9570356500428945
1737482199461033984 715.212891 957.04303 1344.497543 0.9718950006297327 0.35443180850911693 -1.0102905818715637
1737482199494375424 715.1651 957.054565 1344.542313 0.9774143068411791 0.3658855460197055 -0.990376983758527
1737482199527716864 715.209106 957.051697 1344.536148 0.9673976480202453 0.3527145790401036 -1.0051028831251632
1737482199561058304 715.195557 957.044495 1344.538589 0.9729352844369239 0.37504482613598533 -1.0139248574632087
1737482199594400000 715.214905 956.909119 1344.623535 0.9681780439291419 0.3710109290852384 -1.016265768208152
1737482199627741696 715.214722 957.032776 1344.487183 0.9613965438782219 0.3875098931146892 -1.0126534612685758
1737482199661082624 715.21875 956.985779 1344.496109 0.967337773408357 0.3368956924672778 -1.04532414044721
1737482199694424320 715.242004 956.956665 1344.50946 0.9650876901456232 0.32332617660855717 -1.0863633604995504
1737482199727765504 715.209656 956.928467 1344.510071 0.9387782662923172 0.34399764039690656 -1.0696736176712442
1737482199761107200 715.271729 956.899109 1344.617966 0.9233888212685528 0.3563319478049253 -1.0220519104151307
1737482199794448896 715.261658 956.818665 1344.738663 0.8394242528788829 0.44669232289369853 -0.9714717765259505
1737482199827790336 715.375061 957.468811 1344.418304 0.8706829203248772 0.5900818268096834 -0.7552300972454306
1737482199861131520 715.454224 957.468567 1344.451843 0.8256546249173587 0.5874139779195003 -0.7330415360712261
1737482199894471936 715.400391 957.440002 1344.466644 0.8119791859939063 0.6503965090123822 -0.694045057512075
1737482199927813632 715.26239 956.615051 1344.93515 0.8150826148486405 0.4082851101699739 -0.9865913126754849
1737482199961155072 715.634583 956.894043 1344.509491 1.0451926137292236 0.04558892523417744 -1.102802880280639
1737482199994496256 715.362488 956.948364 1344.712463 0.7283405519421299 0.6323879989800609 -0.8249662203404072
1737482200027837952 715.782959 957.431458 1344.259521 1.0542122394981641 0.1982530397533721 -0.975517162328579
1737482200061179136 715.437805 957.062988 1344.648346 0.7984098021643413 0.5379602563249009 -0.8313687503369998
1737482200094520832 715.733093 957.028503 1344.473022 1.0557369741562646 0.09374582864758853 -1.097056068254473
1737482200127862272 715.287292 956.683655 1344.822937 0.8571643944157882 0.5184291133980361 -0.9767475517084586
1737482200161203712 715.283691 956.73999 1344.789215 0.8983173589003929 0.5241547524784693 -0.9386984923611753
1737482200194545152 715.269531 956.71637 1344.7970579999999 0.8801801238501875 0.532632639498754 -0.9169661604404965
1737482200227886080 715.168396 956.736572 1344.751694 0.8995600286196577 0.5336615421737783 -1.0016876420047318
1737482200261227520 715.184204 956.71698 1344.759933 0.9029493667053925 0.5047267697249618 -0.9913528190880568
1737482200294568704 715.143433 956.734314 1344.759033 0.900835316028395 0.5319324318488048 -0.9954198818477762
1737482200327909120 715.171692 956.860657 1344.534073 1.0200980808516789 0.35339974354771575 -1.1096209668273134
1737482200361250048 715.201294 956.826965 1344.593109 0.9850284172519723 0.3425833473396254 -1.1043997000768153
1737482200394591488 715.158569 956.812256 1344.567444 0.9829734953381344 0.33038921126504056 -1.0915280316532834
1737482200427932672 715.284729 956.89209 1344.632629 0.9808912407634084 0.35504948484551757 -1.1259115739901218
1737482200461274112 715.22583 956.827759 1344.575073 0.9590058271698902 0.31689651683099773 -1.1123087087431296
1737482200494615296 715.220337 956.869446 1344.613266 0.9874255265962332 0.3091181437063198 -1.1217578520897948
1737482200527956480 715.279297 956.837097 1344.603607 0.9688192183520765 0.312717674944083 -1.1116879902305667
1737482200561297920 715.316162 956.879211 1344.624771 0.9905850785456777 0.33069896685342487 -1.115460825430754
1737482200594639104 715.26178 956.782043 1344.674973 0.9712347260031575 0.34387940918370197 -1.184635465096311
1737482200627980288 715.320618 956.789551 1344.654968 1.016203645629669 0.3170898269051436 -1.1549417918268448
1737482200661321728 715.262573 956.762268 1344.692307 0.9794243953056122 0.3469234294044099 -1.1655584691843046
1737482200694662656 715.314331 956.795776 1344.649292 0.9887569869063177 0.3391452488648242 -1.1662577464770136
1737482200728004096 715.340027 956.830383 1344.680969 0.9859383958274166 0.34234416452631317 -1.1584725933514703
1737482200761344256 715.357727 956.814575 1344.6978609999999 0.9889316541551475 0.35093103790776714 -1.1736931785015268
1737482200794685440 715.313354 956.802551 1344.6665189999999 0.9953905253310771 0.3151709703376077 -1.1660449738795302
1737482200828026624 715.244934 956.818481 1344.620056 1.0112334594350056 0.320391666653866 -1.158135246742601
1737482200861367808 715.247742 956.796265 1344.679382 0.990480241347776 0.3036583512804637 -1.1362682822519505
1737482200894708736 715.226074 956.802124 1344.662582 0.9911421731218066 0.2956476045503385 -1.1204318291295554
1737482200928049920 715.248779 956.781494 1344.649124 1.0094413655224383 0.2929376990910637 -1.1241650454148064
1737482200961391104 715.202698 956.759033 1344.610382 0.9853357071239749 0.29219878168849533 -1.1059466249194425
1737482200994732288 715.238281 956.750977 1344.665985 0.9465129593033342 0.3096312673237737 -1.128476811034432
1737482201028073472 715.235229 956.716064 1344.631119 0.9856069738621215 0.28435306246144426 -1.1327488123016176
1737482201061414656 715.238892 956.74292 1344.683517 1.0003928037320773 0.30802593806304823 -1.1427392814696216
1737482201094756096 715.218567 956.710815 1344.675522 0.9750052455597481 0.2887828923492586 -1.1504162961396716
1737482201128097280 715.193848 956.839539 1344.636276 0.9864320292338671 0.3134892413809948 -1.10154952202437
1737482201161438464 715.188232 956.821106 1344.605316 0.9736934320282833 0.32922316444709265 -1.136437914767582
1737482201194779904 715.19104 956.829285 1344.6138 1.0013304601430881 0.3362149103641192 -1.1377353376688744
1737482201228120320 715.21167 956.825867 1344.606049 0.9989622598391699 0.3126599146124016 -1.1238758036407615
1737482201261462016 715.209595 956.81897 1344.586365 0.9660133460716536 0.33026220211343377 -1.1328393088480344
1737482201294803200 715.174011 956.811829 1344.6112210000001 0.9762688882926115 0.32638135343767105 -1.11613806665719
1737482201328144896 715.216858 956.842468 1344.64592 1.0018213586604587 0.3140235375179244 -1.1323674769164174
1737482201361486080 715.190369 956.805786 1344.650467 1.0202003147463046 0.30413402276299273 -1.12111777276431
1737482201394827520 715.178772 956.801758 1344.627365 0.994135378070335 0.2873401087694215 -1.1370015384895298
1737482201428169216 715.171753 956.775757 1344.631195 0.9974195607658717 0.32678146136677033 -1.134904885470497
1737482201461510400 715.210876 956.762451 1344.559937 0.9930634204802249 0.29803473601549857 -1.1455948499793949
1737482201494852096 715.190796 956.725647 1344.587158 0.9824170840711918 0.3389043187506955 -1.1491700178192266
1737482201528193536 715.250488 956.751282 1344.589584 0.9964854935625564 0.2967435370357582 -1.1578340064267783
1737482201561534720 715.245422 956.773743 1344.588745 1.0162306889050792 0.33583316966526783 -1.13930227585648
1737482201594876416 715.26355 956.728882 1344.5670929999999 0.9908789746337291 0.3466386057068741 -1.139136177346501
1737482201628217600 715.268799 956.797363 1344.55043 0.9975174929244824 0.32554739569283864 -1.1672681687905926
1737482201661558272 715.276733 956.779419 1344.602585 1.0267031692935695 0.33971027170148166 -1.1413881967200035
1737482201694899712 715.281982 956.822083 1344.560577 1.0200519517747457 0.32539157511232397 -1.152910171747453
1737482201728241152 715.255127 956.801025 1344.587265 1.0309059733394874 0.3503209350875767 -1.1282148114319608
1737482201761582336 715.264099 956.791809 1344.565918 1.0377460301336692 0.353000908464463 -1.1318958924203333
1737482201794924032 715.276306 956.810303 1344.5633540000001 1.0449105426331118 0.3323815480133678 -1.15346807318342
1737482201828265472 715.268921 956.794006 1344.583084 1.0350308776223467 0.35414842074963077 -1.125560432965802
1737482201861607168 715.267822 956.791565 1344.537827 1.0217735030709303 0.35305087585785583 -1.1455536299016398
1737482201894948352 715.237061 956.809631 1344.546585 1.0384283565048256 0.34612314855106757 -1.1373429821884515
1737482201928289536 715.277893 956.812561 1344.575119 1.046232859557118 0.35078439132764866 -1.12785082669731
1737482201961630720 715.258179 956.809631 1344.593613 1.034426938271971 0.3626415057558143 -1.1369486672138247
1737482201994972416 715.251282 956.793091 1344.5577700000001 1.021267987029961 0.3712756146638003 -1.1111211570100894
1737482202028314112 715.303711 956.850952 1344.559326 1.0417327188674932 0.3458444309972654 -1.1251863008274887
1737482202061655296 715.277039 956.845154 1344.582809 1.0531360734884994 0.37243261951853013 -1.1158559054923023
1737482202094995968 715.220764 956.811646 1344.523773 1.0279148392530442 0.38462287492214203 -1.116053816160249
1737482202128337152 715.224548 956.861938 1344.572708 1.0578168166546436 0.3879598832175137 -1.1105983746252475
1737482202161678336 715.222656 956.821411 1344.565048 1.0528254012075422 0.3869179804582423 -1.1333195385599641
1737482202195020288 715.164856 956.856689 1344.493256 1.0901496201962255 0.4189006901268317 -1.1130106784057139
1737482202228361984 715.198059 956.816406 1344.493912 1.0559865814379767 0.4195759137669207 -1.1044406539296954
1737482202261703936 715.11499 956.870239 1344.472961 1.1142835381134781 0.45041826890907555 -1.0916462283930595
1737482202295045632 714.967163 956.955872 1344.409286 1.181803487792275 0.5442727453544921 -1.1542531222410792
1737482202328387584 714.904297 956.945618 1344.383102 1.1546453144962063 0.5439070753087493 -1.134177010038598
1737482202361729280 714.888672 956.960449 1344.43924 1.1633184847480742 0.5561308170464517 -1.1105731331098183
1737482202395070720 715.178833 956.810608 1344.626724 0.9570752617513376 0.30825238061499677 -1.1156237083829819
1737482202428412672 715.189575 956.813232 1344.6514280000001 0.9163950495300797 0.2619236440144542 -1.0799319672367513
1737482202461754368 715.238159 956.799011 1344.657654 0.9419176017694194 0.264368365107758 -1.086505468175876
1737482202495096320 714.91925 957.008362 1344.415588 1.1478821327231608 0.5518417545761849 -1.123583344941054
1737482202528438016 715.135864 956.938477 1344.532684 1.1025372246680318 0.4525273870074278 -1.0932462698615113
1737482202561778688 715.164429 956.86676 1344.575699 1.0467457960337203 0.41025207741745295 -1.1347324864253405
1737482202595120640 715.208008 956.785156 1344.692673 0.9422811379561987 0.3780956935790567 -1.0762054651082396
1737482202628462336 715.24115 956.743591 1344.731842 0.9009940288172014 0.37577189052375704 -1.0635734643614647
1737482202661804288 715.217224 956.733398 1344.719269 0.9219106251254368 0.37895164632581074 -1.0818217505948862
1737482202695145984 715.266663 956.603821 1344.913544 0.8724938258704557 0.4254210773872816 -1.052657102558974
1737482202728487680 715.18396 956.58905 1344.899185 0.8487882624063361 0.446665652623922 -1.0338743781348954
1737482202761829632 715.17041 956.570251 1344.900467 0.8397792337271005 0.4392903510403797 -1.000751452734068
1737482202795171584 715.194519 956.658081 1344.851089 0.8869469153535743 0.41407903704382787 -1.0214302190050402
1737482202828513024 715.221191 956.659912 1344.8405 0.8778839406908758 0.3976328295895746 -1.0245951604948649
1737482202861854720 715.194824 956.657288 1344.781235 0.9083740433707839 0.35370633845234106 -1.0689390107689964
1737482202895196672 715.131836 956.706909 1344.720505 0.9608509734073487 0.3526932695915023 -1.1078508387054804
1737482202928538624 715.151428 956.576721 1344.807724 0.9884260989373843 0.31839511348660066 -1.1099555077250522
1737482202961880320 715.400757 956.625 1344.862564 1.0779447742886539 0.3712061458448694 -1.1785203916868048
1737482202995221504 715.346375 956.541565 1344.925995 1.0873324104292332 0.3961020113272092 -1.1918690955813218
1737482203028563200 715.146851 956.750793 1344.672104 0.9767328127179676 0.2839126613855253 -1.1183879743093548
1737482203061905152 715.180603 956.732971 1344.675476 0.9845855637966575 0.28707162446790857 -1.1169386358452127
1737482203095246848 715.404236 956.998108 1344.698654 1.0904227198342862 0.4372052447937978 -1.052401271447253
1737482203128588800 715.221741 957.046143 1344.534256 0.9801474670619076 0.3578204317294429 -1.0292930884137923
1737482203161930496 715.197083 957.045959 1344.536774 0.9835393460505183 0.37723645230133923 -0.9979980688578697
1737482203195271936 715.171631 957.062073 1344.5315249999999 0.9831579142001966 0.3889259667205371 -1.004920115266544
1737482203228613120 715.268311 956.964722 1344.673538 0.9182833214749678 0.44365069002861846 -0.9159536389943679
1737482203261954816 715.35553 957.469116 1344.3797 0.8807646518386897 0.5516416381889367 -0.7849559444611615
1737482203295296512 715.12854 956.627136 1344.896027 0.8559461177280404 0.42353850623091904 -1.0132442091372775
