1737482193766183680 711.4043679406661 956.4279987969161 146.831732256538 3.1759456220794102 -5.769528775191047 5.389465728389242
1737482193799483904 711.8870881979981 955.913889939982 148.340488469408 3.5087777032470298 -5.800890072608301 5.685315270014852
1737482193832780288 713.113925468278 955.5952577591021 150.71072102387 3.7877715651581854 -5.371988781055729 6.206818232575895
1737482193866072832 712.353345486598 956.837006104242 148.807747630182 4.029829043860489 -4.705345166567013 6.331954449312378
1737482193899360768 715.056266614433 957.013590227134 152.446443975149 4.0159155662061226 -4.1132210309448505 6.356471412917377
1737482193932644608 717.8442283538591 957.4628278102861 157.46255337361302 3.979891955375146 -3.6347504381559297 6.388728478846811
1737482193965924096 721.4787138144501 957.2044661750241 162.74149066099602 3.7425316585754187 -3.4230095235256677 6.869947241458238
1737482193999199232 717.6784912348011 959.1515290247581 158.90342325290501 4.025895540215461 -2.7655213021982963 6.544046181220718
1737482194032470528 716.3871208653201 958.8786001360421 156.71161822171402 3.8313778050369836 -2.567269217301751 6.344921413792034
1737482194065737216 718.223332192971 960.5784778682861 160.975328874555 3.3772753731979837 -2.504857937424872 6.385732838499934
1737482194098999296 717.7002517184691 959.877038483482 159.646017070387 2.7672842788877885 -2.7971531965116583 6.773734471953083
1737482194132257536 718.4943640071061 961.15204063601 162.884550593272 2.4035546272739743 -2.9207859420014404 7.311861362036508
1737482194165513728 719.9943013155901 963.0230600839841 165.668876252752 2.0713604770543617 -3.1247259062420385 7.792060775166015
1737482194198727680 719.9768735124931 964.560271204626 167.197772931239 1.7902536104341729 -3.1634764658988948 8.146309521865122
1737482194231934464 719.6362182310321 965.9729365484701 167.332714726646 1.423303897854444 -3.2222094436768924 8.496064588819722
1737482194265135104 719.4587847197871 966.941200189206 166.657838727039 0.95386669201909 -3.3324262031594025 8.891240416544129
1737482194298328832 719.181175973419 968.4651166855001 165.092511752219 0.3677067065062418 -3.4364180993144346 9.18162722200896
1737482194331515904 718.5811663638261 968.837876719676 163.29534122623602 -0.11068524319360182 -3.5547962017318104 9.368596953641022
1737482194364696320 718.234901203459 968.863686414502 160.835295900603 -0.541759271943383 -3.710313327744928 9.534629721225162
1737482194397870080 717.3171579189091 964.2082386709321 158.552053672677 -1.1616132084033466 -3.9961521447019117 9.567075993185291
1737482194431037184 716.9268929316871 964.026152801406 155.592094807767 -1.8338774096987598 -4.150236519929689 9.414276424751955
1737482194464197632 716.7920921050771 963.8552499030201 152.583043869183 -2.675487592557312 -4.32736909035596 9.383661861924908
1737482194497351424 716.8039857258581 963.4666242192721 149.029636108752 -3.521085239230525 -4.530265681266406 9.300905406688626
1737482194530498304 716.8260526291471 963.358117360248 151.03356597591903 -4.481785842948234 -4.411286752882128 8.983918938069495
1737482194563637504 716.5493752244321 963.2180649545321 147.574231213598 -5.211387859149124 -4.408312876907167 8.474451857854236
1737482194596771584 716.39959971145 962.840544076426 144.851756744714 -6.004191914139413 -4.318898635689543 7.909310254921074
1737482194629898496 717.8084534989111 964.865992962018 148.280763887357 -6.972511953415783 -4.0714311731589365 7.252864056024648
1737482194663019008 717.5667593230891 964.3665124381201 145.504884375963 -7.69185934303381 -3.833121079672313 6.614860021690003
1737482194696132608 718.49364081346 965.4654612728141 144.72092041475202 -8.476910510650212 -3.698307342769596 6.152025719946628
1737482194729239552 718.456713157381 965.023962989746 142.96958670680303 -9.188042541866901 -3.5835684803040917 5.784523728237625
1737482194762339840 717.150086935957 964.5138911683421 143.323682696855 -9.733616532341838 -3.4334096078771617 5.252981274652917
1737482194795433216 716.9043310655371 964.1710243442981 142.65235256800702 -10.012823663566163 -3.383515718338235 4.786307656703564
1737482194828519936 715.7612398382861 962.942931673188 143.76325446733202 -10.255506990875556 -3.5237491951543056 4.619749725615263
1737482194861600512 715.498144648245 962.897251644064 143.697611220193 -10.238567075505 -3.711297218898113 4.622354960230318
1737482194894673920 715.356604437228 962.786037613474 143.734548222884 -10.052855702041384 -3.7347928417369274 4.48942391721749
1737482194927741184 715.254905689324 962.981947965074 143.921864556244 -9.919210613038603 -3.785409124226698 4.4412986362011955
1737482194960801536 715.259655904759 963.0760296916641 144.767306502347 -9.693607861251003 -3.8081357874110515 4.542888363486465
1737482194993853952 716.341953763487 964.28423049609 144.203103454733 -9.534497494665196 -3.9545589061464317 4.6771797028755735
1737482195026900736 716.56171285941 964.7196964290401 145.185071891966 -9.477878117575903 -4.1950805885169045 4.688560302592743
1737482195059941120 716.722220197234 964.8920211177681 145.435847384226 -9.26106965068944 -4.364782937787908 4.796752030649152
1737482195092974848 717.3257449705931 965.085057026782 146.996681415083 -9.042070711987238 -4.473302184661852 5.072060881353345
1737482195126001920 717.9468988898371 965.573148806108 148.416544147641 -8.601015860625802 -4.536151096148608 5.303317396828449
1737482195159024896 718.621370669976 965.7615297130081 149.86017981786802 -7.932076237658792 -4.599565464369269 5.443105013995274
1737482195192368128 719.5790069850301 965.8894755492761 151.32853716747402 -7.3678541892735 -4.652866702742934 5.719343560208105
1737482195225711104 720.5146293709901 965.576872974368 152.08797042217802 -6.797831435525656 -4.770596235019937 6.008907275281501
1737482195259054336 721.5692136347851 965.696819146038 153.163961414627 -6.188758082553699 -4.571709882795696 6.256031238323565
1737482195292398336 722.7567387352481 965.7621172273341 154.00345720632 -5.62471728956376 -4.200775725003729 6.414257299439159
1737482195325742336 722.1458876047191 964.241976149812 152.46922708875303 -5.661823826989055 -3.7366605682192953 6.557321692303505
1737482195359086848 723.162193845097 964.2929376866141 152.94183678818501 -5.519007379615945 -3.4936914209843 6.549234004424663
1737482195392431104 724.1614788582981 964.127345537336 153.57481904758 -5.16286596859868 -3.599010883660755 6.544791136086773
1737482195425774848 723.262850264692 964.070822665446 154.662878628626 -4.826511040221648 -3.877135828364126 6.4309651707134705
1737482195459119104 723.7455412295141 963.722004308198 154.84354576489602 -4.632532363172949 -4.119595962545957 6.424566672945149
1737482195492464640 723.878089059933 964.2293867556541 154.88855781403103 -4.341925048294984 -4.366387769242985 6.48280788626534
1737482195525809664 723.948624110258 963.9485960978941 154.84788572884 -4.0076779448377176 -4.594680329958301 6.584438162955603
1737482195559155456 723.3955822000861 964.136938008384 154.294400151462 -3.663753430185954 -4.718134862649124 6.52826033198046
1737482195592501248 722.651570351584 963.997718273578 153.73480191995802 -3.593021606900353 -4.895178140170192 6.56134278668195
1737482195625847040 722.367103027938 963.6371395175121 152.883831666198 -3.539039684812116 -5.0880561537313715 6.64484400504894
1737482195659193088 721.8933642556501 963.51271586925 151.940212840808 -3.7257224553025474 -5.212382823738954 6.552932402797824
1737482195692539904 721.3708771403411 963.3589165661981 150.96234012575098 -3.8698007972554946 -5.2539721313037395 6.457873277952082
1737482195725886464 720.956148846564 963.3178358755521 149.90998424214803 -3.9973499451101655 -5.218318160618567 6.3892473702946
1737482195759233536 720.562662216834 963.272202251004 148.72049759087 -4.294135450831698 -5.037789391452673 6.195966471908927
1737482195792580352 720.42766522727 963.3110776779641 147.48916126951 -4.85850911850703 -4.576907226965048 5.918854624657648
1737482195825927680 723.0539210916991 964.5457267912401 147.74491022230103 -5.541725860908403 -4.387332957771479 5.678707376904348
1737482195859275008 722.526026405348 964.508356788448 146.942862682688 -6.092599642533093 -4.117294088553841 5.321142851498804
1737482195892622080 721.98274957023 964.50378338781 146.07134357905 -6.695030085637006 -3.987702871366583 5.070310988795471
1737482195925969920 721.7037393065281 965.0173608947421 145.32931296192 -6.944060366238834 -4.065652708250494 4.871573912305679
1737482195959318272 721.0456772959051 964.693864461816 145.007975455169 -7.032386051916437 -4.312321942999188 4.751506635397369
1737482195992666624 720.3968129293 964.606111154236 144.684160401958 -6.998568112521147 -4.5541459960263335 4.71672975817739
1737482196026015488 719.9324590844001 964.4389030975441 144.56608279116801 -7.069756226278963 -4.819390257092554 4.718466744554746
1737482196059364352 719.483699415954 964.3721648776981 144.53519963064602 -7.325547397789872 -4.913674597517638 4.620880781959726
1737482196092713472 719.588635559525 964.122594551388 144.767326843733 -7.586565296363715 -4.904319576880807 4.582960076884901
1737482196126062848 719.5795452120301 964.251208949726 145.102905177484 -7.647904720450183 -4.808696950678242 4.478559559327719
1737482196159412224 719.8961746353001 964.26708675017 145.611757846758 -7.445673706562915 -4.682792983247104 4.567637264661615
1737482196192771584 720.0354055186222 964.3703770057181 146.492444159114 -7.350815741446671 -4.678427193969883 4.861479389382274
1737482196226131968 720.221650924532 964.6736386638081 147.25848371071402 -7.182138227121926 -4.692463479179628 5.155701921197041
1737482196259492608 720.6359424927081 964.900940003208 147.944665120782 -7.031361077950515 -4.779804597829395 5.392511045306401
1737482196292854272 720.799722613334 964.7248347428362 148.854176610238 -6.866649528987405 -4.912806915607613 5.629888881263663
1737482196326215168 721.007055210355 964.7262681364821 149.775724409827 -6.713001653873784 -5.095229714680907 5.909203486559223
1737482196359577856 721.405365228685 965.1036413535741 150.245489885309 -6.563795895904429 -5.207057131523389 6.179242881081012
1737482196392941312 721.829033775562 965.5197801393621 150.69000093645002 -6.2966641886041765 -5.2091817440140655 6.148120471629434
1737482196426305280 720.19173163933 964.24937107982 150.76464124345202 -5.778609073837248 -5.17809038898194 6.003683015381229
1737482196459669504 720.5573460219551 964.454763047658 151.16938512116502 -5.126061270711176 -5.233144791945388 5.902742177828818
1737482196493034496 721.0622277442241 964.34005477979 151.628165109436 -4.836269144005271 -5.395972555587583 5.917858677821601
1737482196526400256 721.347561555664 964.4372099824701 151.854222357548 -4.761977523666785 -5.521149874976675 5.970084404415055
1737482196559766784 721.308301161096 964.543677702696 151.88932134017 -4.77080702924985 -5.603077597979393 6.101580717828951
1737482196593133824 721.136196786158 964.6405925151961 151.637528355902 -4.770575143444925 -5.8238515729633695 6.277848401827449
1737482196626501632 721.033685286991 964.6654501134481 151.277660327743 -4.950768531291656 -5.989764074822147 6.45720956589705
1737482196659869696 721.007016687214 964.7586544441081 150.517818558592 -5.245757886832688 -5.874631872362622 6.460845861587068
1737482196693238272 721.1703367201211 964.6956350497701 149.670260604997 -5.4254849360260184 -5.713808068249686 6.342744994116659
1737482196726607872 721.148865839339 964.4701841617721 148.827692728457 -5.455515035298644 -5.5879674241806905 6.145795034793626
1737482196759976704 721.1093637979701 964.0879513220401 148.224321368964 -5.2459381468029 -5.394424972867565 5.936660437930683
1737482196793347072 720.9761920259651 963.6914974163781 147.691816325345 -4.925967670687472 -5.353102125254428 5.805261948223116
1737482196826718464 720.247175622952 963.257923306674 147.248575565792 -4.534568965586659 -5.497179625008121 5.777142028049391
1737482196860090368 719.8858812714061 962.7238826163881 146.87760829337 -4.1957021196365245 -5.6694100725319 5.889128659945775
1737482196893462784 719.3582606667941 962.084787275718 146.505519300384 -3.92165008638173 -5.76007638644175 5.895043122309272
1737482196926835968 721.320574787018 963.458301391174 146.291581377904 -3.7726761370456754 -5.871229391243215 5.935244590161663
1737482196960209920 721.156111150946 962.9349769340621 145.873617546032 -3.647824096513666 -5.938292918412633 5.983670855170969
1737482196993583872 720.7519871741271 962.558461459864 145.386661559189 -3.509816229704372 -5.869507370763138 5.946005698527961
1737482197026958336 718.3720589037081 960.5335145636581 145.005444404904 -3.6284263239475862 -5.7793057644600285 5.798040286108512
1737482197060334080 720.8682546663491 962.249323470784 144.774412460409 -3.9217848388705256 -5.760486411999727 5.839720824972284
1737482197093710336 720.6282580665891 961.9172143015741 144.679021181437 -4.424981112808838 -5.726225343189697 5.7639921445379585
1737482197127087104 720.807188997701 961.9333503541101 144.189209339911 -5.119811679539309 -5.617786368733974 5.819372909702295
1737482197160463872 720.8500624819061 961.9751153401861 143.948052280958 -6.102318314933581 -5.479827920490977 5.773003677334086
1737482197193805824 721.190925968299 962.007197006938 143.596261783169 -6.968760840925515 -5.294505753481054 5.78764772589895
1737482197227147008 721.2246379976891 962.011660000202 143.476930717913 -7.505615387358924 -5.095305952331617 5.782623404836297
1737482197260488704 721.1462068899771 962.10021290929 143.598188792397 -8.293044477894323 -4.648358100758852 5.77504565388402
1737482197293830912 721.1321337118941 962.1303484552101 143.603539810416 -9.192081780986845 -3.9636266115325967 5.781137994004542
1737482197327172864 721.1503364118961 962.1011599490641 143.605825192614 -9.655015899462276 -3.6489241295032904 5.755069669032235
1737482197360514304 721.1837380168511 962.0478415633901 143.47892697137303 -9.879062183246745 -3.650996143384325 5.680962727761155
1737482197393856768 719.079827409016 960.3217674926461 143.36918839933 -10.412634911145208 -3.808282089697169 5.586463597243003
1737482197427198464 719.1295827303691 960.298930356838 143.380390668677 -10.952267515330353 -3.953461677722621 5.687648459589411
1737482197460540416 719.094403272913 960.3423304022621 143.38587784645102 -10.967006531592277 -4.011669590062676 5.6741479403593384
1737482197493882368 719.041080977252 960.41565506222 143.40225968192803 -10.905816743162552 -4.079989075914302 5.693532323419291
1737482197527224320 719.012095945716 960.4602384050501 143.39723931849403 -10.811320895245771 -4.141997451569663 5.698285871192657
1737482197560566272 718.9345080833901 960.5251974229101 143.388848102076 -10.711165203959325 -4.162464514589912 5.737148865938
1737482197593908224 718.608126023426 960.8504702074681 143.38341760654802 -10.63190065611917 -4.281311673731727 5.660554917345126
1737482197627249920 718.5830443059691 960.8891904729321 143.39920105300502 -10.49158905469039 -4.323698397798388 5.600618354178094
1737482197660591104 718.6819379594941 960.774594219718 143.398834852704 -10.363141681236504 -4.349388306157312 5.561487628672367
1737482197693933312 719.014612143933 960.4489099636141 143.38905889591902 -10.216219955233877 -4.350750051842988 5.556488553537695
1737482197727275008 718.970231955717 960.6209811860641 143.47040486485702 -10.021194179842093 -4.333311618718529 5.440048563473646
1737482197760617216 718.384633018585 960.604176861104 143.641271504141 -9.875028310342897 -4.4276156306708785 5.386442223360658
1737482197793959424 717.8693564416361 960.6679831688381 143.763700244262 -9.720914085362232 -4.621534844087613 5.367902389435446
1737482197827301120 717.750855838095 960.577983363056 143.95584802765902 -9.601607079172519 -4.715264596119099 5.375150069785832
1737482197860643072 718.142148170471 960.1381010923001 143.825069870925 -9.404062752973797 -4.783005937057979 5.487552475412262
1737482197893985024 718.0097143181291 960.2429429592041 143.82980184353102 -9.26587915189879 -4.853476210798126 5.526107661093731
1737482197927327232 717.935347225765 960.4188024506341 143.873773154985 -9.24179306412584 -4.8490873042989655 5.526613622906198
1737482197960669184 718.1425259445141 960.1495610436762 143.83237013816802 -9.189841019113357 -4.830295114718791 5.534179368796823
1737482197994011136 718.090137373503 960.083665464238 143.841935551081 -9.164476634345505 -4.7886945491834725 5.506498719665485
1737482198027353088 718.153287455494 960.17462334403 143.72004142735202 -9.215915838379656 -4.830633518852143 5.533527445351337
1737482198060695296 718.200451738638 960.209731879122 143.79497426092598 -9.260786385196113 -4.764147735170744 5.498742190608742
1737482198094036224 718.0978405508321 960.0633956403581 143.807538322102 -9.298893763905195 -4.764499908377358 5.491260256187034
1737482198127377920 718.1173127915531 960.06733292457 143.79532138401103 -9.236402861652472 -4.7766760560070685 5.4811938951704935
1737482198160720384 718.134677353481 960.1806220179741 143.701542632311 -9.196844525312144 -4.762249053676131 5.480735929464201
1737482198194061824 718.0734267652861 960.0604492372801 143.798910095828 -9.130150836836146 -4.724318638967201 5.433562054043402
1737482198227403264 718.075397154174 960.085109636792 143.83002859771003 -9.094317476641455 -4.740722572342929 5.422651483002958
1737482198260744448 717.9929269577341 960.1054921270741 143.84937862393602 -9.051815945237536 -4.697573081154788 5.400618173133983
1737482198294085888 718.166431975 960.137315557114 143.80737706970402 -9.003461339039584 -4.6990941988091635 5.39615848950607
1737482198327427584 717.9707247685591 960.112333120054 143.913327976823 -8.95756146195634 -4.6933845673514 5.3775485486885035
1737482198360769024 718.1552725935171 960.18133679674 143.75950711532101 -8.85059637047063 -4.677030366697778 5.39225891251723
1737482198394110464 718.1230035470231 960.290719525094 143.851846387893 -8.79387716680915 -4.717556877246577 5.40774458342515
1737482198427451904 718.198730265157 960.1417907112921 143.822450231851 -8.791678467867584 -4.69459705052788 5.444660357611737
1737482198460793088 717.97152558249 960.1370126937541 143.771834398742 -8.736923530884027 -4.7283922102853255 5.405703435377473
1737482198494134784 718.0389431749 960.15993844415 143.70272988749 -8.622413255124046 -4.691603059102559 5.3950256907041325
1737482198527475968 717.975367341138 959.9878286004521 143.72476659765002 -8.56130035477471 -4.686796016941292 5.358900688238133
1737482198560816640 718.0975328072351 959.895259915408 143.67887658972302 -8.585568373563921 -4.735334212757374 5.367262668020201
1737482198594157824 720.4553225145411 961.9605607208659 143.880097817949 -8.470630185368407 -4.592134851381014 5.427019354550421
1737482198627499520 720.5081033690901 961.911838685564 143.82445882022802 -8.332024208632848 -4.589566414199357 5.435678502155629
1737482198660840704 720.538757710494 961.9843992174061 143.826972199778 -8.32059870818908 -4.594188876035216 5.44744730087447
1737482198694182400 718.170984685068 959.96787739333 143.754214661102 -8.241513918481488 -4.687774960748489 5.403981361412319
1737482198727523840 717.999103620588 959.9172622249681 143.71743725118398 -8.034084516329386 -4.734809976764621 5.39138713600636
1737482198760865280 718.115368490392 960.157321321366 143.730818052122 -7.919759969630356 -4.825587872553967 5.436348858246259
1737482198794206720 717.821872744498 960.2133005587621 143.47553235920003 -7.687283912367847 -4.895434083231782 5.407629707011449
1737482198827547904 717.8969801158771 960.094952353802 143.42126814085103 -7.533685693604915 -4.930776644848353 5.427857782936891
1737482198860889088 717.737298167789 959.718279788068 143.39835884732702 -7.38772333613899 -4.979084194417816 5.370128899387128
1737482198894231040 717.6601418514481 959.8046067617121 143.45633630799801 -7.229354172696841 -4.998483847262288 5.349374052245349
1737482198927572224 717.7316077818421 959.721479556866 143.398938315668 -7.057514673827227 -4.975810014684435 5.371465152150857
1737482198960913920 717.7368724694051 959.738573018732 143.37544209480103 -6.95830359686579 -5.059553932575811 5.3658339437070905
1737482198994254080 717.82363020589 959.5035129864641 143.633188538094 -6.876928023781171 -5.014107112153036 5.357332171640203
1737482199027595520 717.73611010337 959.4931726879021 143.708140528134 -6.857605521851245 -4.970568649640612 5.327467013245691
1737482199060937216 717.560299054512 959.288656162956 143.380209287012 -6.7304466362335065 -4.985836351923674 5.278563448357335
1737482199094278400 717.812877639805 959.3569586651081 143.645607639025 -6.637670984778931 -4.887049093748235 5.316249879947105
1737482199127620096 718.0565668534731 959.572517546852 143.623376741363 -6.58682869755031 -4.8060924227823545 5.340478243833734
1737482199160961024 718.084389697564 959.6513772235941 143.639330850928 -6.612219935416101 -4.798327911606379 5.33105092036117
1737482199194302720 718.1048897679541 959.5097150177061 143.614601174364 -6.615717060503809 -4.774596248371819 5.388665061107829
1737482199227643904 718.0708678463641 959.5728281351761 143.6430442209 -6.6591751779710915 -4.693635705315351 5.379508613031883
1737482199260985856 718.065838851064 959.5862791326481 143.63700164377403 -6.713882183698732 -4.633480103379832 5.313657694388585
1737482199294327552 718.118557852312 959.51383750047 143.633647168586 -6.672704096226772 -4.558289433188061 5.297919440236284
1737482199327668736 718.0983592135101 959.5323241539801 143.63292082082003 -6.646121561529307 -4.469776291688676 5.212791977428296
1737482199361010432 718.093444844478 959.5349818384561 143.633536288702 -6.491729881356493 -4.472366589423631 5.188103918497128
1737482199394351872 718.084387957454 959.5393942697581 143.650392338116 -6.2861708425493115 -4.485529220573598 5.202254990200352
1737482199427692288 719.357265247434 959.8481620988521 143.87069731263801 -5.8028430911756805 -4.42154802066907 5.180976754640152
1737482199461033984 720.4263926037481 959.6446996515521 143.463865493778 -5.039088665806333 -4.383062399377255 5.016933429547205
1737482199494375424 720.019623152427 959.618802428886 143.594685154877 -4.546664788561006 -4.438783542790676 4.693337440077082
1737482199527716864 720.5660936174161 959.7344651498601 143.24563789237 -4.198966372011333 -4.507688768637709 4.197582546752481
1737482199561058304 720.846943738162 960.1135406849 143.877824233728 -3.77790261775715 -4.361410112474374 3.563467487757261
1737482199594400000 721.388088035878 960.2693733149861 143.719752463208 -3.1712579166336208 -4.0913865253859525 3.305884297903539
1737482199627741696 721.8645354487021 960.183782556424 143.173947500526 -2.2668543128278764 -3.612272844737264 2.8767830418450218
1737482199661082624 722.688758289521 960.666833951154 142.40602653138302 -2.043166206135879 -3.4133173636680856 2.2836069663835614
1737482199694424320 723.4671100661241 960.8616954703141 141.210286295816 -2.179752847071094 -3.7043927334593048 1.8088717275199107
1737482199727765504 723.950343098113 961.5913216071281 140.39479415525702 -1.896480800142984 -3.5813551288475094 1.2403218027525282
1737482199761107200 724.911110590697 962.533103119302 139.161899673247 -1.1966500621995093 -2.5662869333201477 0.5086253427120409
1737482199794448896 725.1573662633571 963.0980236427541 138.787522276265 -1.0573548505709918 -2.3624684456898235 0.10268785438808191
1737482199827790336 725.388561676074 963.72178613586 138.282294952936 -0.9304924160125566 -2.404718033125612 0.2731305354046104
1737482199861131520 725.240396841128 964.6638782226061 138.208253340558 -0.564515752817226 -2.2360747632800066 0.6157419761643651
1737482199894471936 725.555244785144 965.088908911724 138.052601272456 0.15003529626027162 -2.159363296448274 0.9984598721773165
1737482199927813632 725.9766465020491 965.6960345745821 138.159577276669 0.5298575029624829 -2.089693795880037 1.4034380515325142
1737482199961155072 726.095841990816 966.3233251499 138.773355050084 0.4881635635891199 -1.9790353338220426 1.7523219315986178
1737482199994496256 726.1185642197521 966.5787176549441 138.984913532662 0.2079064894347177 -1.8637278675967852 2.0166347737644075
1737482200027837952 726.109343865867 967.0427346289301 139.444786314803 -0.6121570075405764 -1.8888950664248456 2.4896407523374675
1737482200061179136 726.0724413279931 967.593317839448 140.050570578025 -1.7674484064310314 -1.8402799006858446 3.3713302477234137
1737482200094520832 725.8299186538161 968.19203777659 140.449458611152 -2.809038469751594 -1.5396287130237185 4.397553777834619
1737482200127862272 725.4815840409 968.00433961803 140.371632252216 -3.5868676788797504 -1.1959055820428734 5.884720330684656
1737482200161203712 725.180120695226 968.073084089842 141.093319880388 -3.859051647666631 -0.8799449529022267 7.43282270473164
1737482200194545152 725.239056602319 968.1660877960361 141.251584853741 -3.8864718863141405 -0.49372034566881184 8.69926609787989
1737482200227886080 725.246666240419 968.127364816686 141.67761652423698 -3.7636863060107943 0.21191149448271798 9.56125016295328
1737482200261227520 725.1514038098841 967.845790204614 142.223771970174 -3.966249535741882 1.9710026989663274 9.300047915880254
1737482200294568704 725.401043406846 968.3153283026 142.493143200764 -5.207389510440319 3.6507071451622446 7.69819079483042
1737482200327909120 724.4796828844941 967.040364095418 143.31299751714 -6.366736868971825 4.957103448297037 7.412156340171358
1737482200361250048 724.489128644003 967.2496266374341 144.026212553415 -6.17568396716618 5.317524691386107 7.384616926433568
1737482200394591488 724.4068610634641 967.2258789617761 144.167853210732 -5.7490319989499765 5.750715658008777 7.452585320572192
1737482200427932672 724.400750294661 967.21080309586 144.129939062279 -5.076568109528228 5.746090944286542 7.961890651705106
1737482200461274112 724.314042650607 966.69102125404 143.884799208933 -4.734924379699349 5.299571727062253 8.147847950067757
1737482200494615296 724.826373590984 966.88809957716 143.449638284162 -5.06294318937046 4.8565453016416615 8.176154562895944
1737482200527956480 725.7727077753411 967.4404603020561 142.263260731429 -4.402919331464473 3.6494931785410425 7.88917604907318
1737482200561297920 726.184382079871 967.7551805261221 141.820732999941 -2.8830666714876436 2.3354372561604926 7.996909925165492
1737482200594639104 726.238563142913 967.371204771382 141.63664733835702 -0.025869051809321336 2.0417869566434725 8.587079411908222
1737482200627980288 726.247006752945 967.5612467749701 141.68614841577502 3.009208503328899 2.004903819642135 8.961689739099223
1737482200661321728 726.6659775329481 966.298910328888 141.99955857764402 1.4493502127907245 1.1548856230616116 9.348779421411725
1737482200694662656 728.07496886095 967.723135487062 141.0245655359 -2.110311900867574 -0.9577175570467076 10.10500561579566
1737482200728004096 728.6339945744701 967.5777604715481 141.542865668182 -4.595641977472471 -1.1928652640936381 10.851303695242336
1737482200761344256 728.956588349943 968.3881225958661 142.265856088687 -5.375962772677664 1.1587508534798372 10.892230449320586
1737482200794685440 729.745435426669 968.93061666362 143.865383001169 -7.436134805663363 4.936746976604652 11.158357240496816
1737482200828026624 729.969875970538 969.3204364197121 144.52076685239402 -10.286808118782446 7.393319791735622 11.699848651901426
1737482200861367808 730.2456859045891 969.9868976122701 145.000208903593 -11.039053603754198 7.841588535823648 11.652849893176038
1737482200894708736 730.2235522278751 970.073121758828 144.986011349409 -10.69557160309811 8.084578080062263 11.23528059096047
1737482200928049920 730.252351866143 970.007612353722 144.98347972751702 -10.610342679367811 8.328163070358135 11.468920548080758
1737482200961391104 730.182305459979 969.8484291334701 144.982075428707 -10.783263047991761 8.135794056878126 11.871884197209454
1737482200994732288 730.178218097958 969.9014831743781 144.99503243720602 -10.804014940248488 7.687212285239343 11.95146212776121
1737482201028073472 730.248956882946 969.9850032582981 144.97815294094602 -10.791529105384917 7.290029716576417 11.907063802667723
1737482201061414656 730.3254164778591 969.6693491891141 144.84037849022303 -10.747293806507912 7.540597095034347 11.952362237262692
1737482201094756096 730.2687299629671 970.029971819308 144.950947258489 -10.686271203155249 7.783069246041295 11.903654919907893
1737482201128097280 730.066586932777 970.359799487354 144.802572295809 -10.460772061047319 7.584060745870832 11.550177085341385
1737482201161438464 729.676910014625 970.66937193903 143.84173629413098 -10.239687113789344 7.225611051375813 11.15876158870412
1737482201194779904 729.373435299787 970.7628836401061 143.393019578243 -10.36133669954504 6.859136539599624 11.115666620231858
1737482201228120320 729.588797007622 971.1606226839681 143.666127161404 -10.550930257912519 6.556227770642284 11.337672365126615
1737482201261462016 729.3416548237851 971.27062419816 143.633456140979 -10.547052755777102 6.069241978930629 11.410286101688394
1737482201294803200 729.3449958063071 971.4835984010281 142.943601308161 -10.624110275187586 5.738534836209457 11.31821768900053
1737482201328144896 729.3074876669281 971.859303680308 142.479044998126 -10.77194341130661 5.603425735951577 11.214835163813945
1737482201361486080 729.238417540777 971.922293978704 142.943211695497 -10.908497349467938 5.711890862373186 11.036804179173036
1737482201394827520 728.937313783285 971.517932490464 142.379041464615 -10.903001601721284 5.598559264473093 10.849003538401643
1737482201428169216 729.0227166410681 971.981601448054 141.745481419522 -10.987708769642733 5.395580125342644 10.638039954888306
1737482201461510400 728.8796222396851 972.1816703664721 141.777914578963 -11.063140385763035 5.41344146073094 10.262480609090385
1737482201494852096 728.8342009038661 972.4093414044261 141.548915028072 -11.00447948457205 5.313333143901779 9.866028403356813
1737482201528193536 728.7153905111271 972.1584318507781 141.459009343369 -11.009227356661642 5.17859361801903 9.467044337603086
1737482201561534720 728.3307966114221 971.849970862214 141.62645383142998 -11.133755034815964 5.0060510711413135 9.095947444616211
1737482201594876416 728.6339641372731 972.5616644979721 140.44120093485103 -11.004531623351555 4.520980474045245 8.786427450540485
1737482201628217600 728.740595838525 972.5393662963601 140.354969001381 -10.795171508563858 4.398701180641012 8.574367040778787
1737482201661558272 728.761926393734 972.566717535534 140.22011248039402 -10.495140339226143 4.370425008135842 8.337639565979867
1737482201694899712 728.744669260728 972.7765208919641 140.070320590654 -10.43670594727419 4.278496778742868 7.989829926338656
1737482201728241152 728.876245979789 972.6269976590081 139.885563365393 -10.34646458275962 4.138338582855197 7.52969304132514
1737482201761582336 728.9479576069351 973.032645599554 139.300788910925 -10.351050138556692 3.8930885278863894 7.027835178402887
1737482201794924032 728.882268979546 972.8268564067141 139.350567141932 -10.537107479533724 3.770817151294616 6.771612407644528
1737482201828265472 729.0645654273761 973.0758337394781 138.914885133096 -10.589906851574472 3.6431437243938984 6.569540137136925
1737482201861607168 729.184814798125 972.987000896238 138.71808738716902 -10.538585962713137 3.6511422994534355 6.442455085743278
1737482201894948352 729.3207176394311 973.1260655640921 138.69477647822902 -10.448440728074777 3.6843650923929334 6.358649715456682
1737482201928289536 729.3543774719741 973.180732021162 138.66472224724603 -10.530819199523652 3.5746877941245856 6.455863340152591
1737482201961630720 729.389641560778 973.2657679658561 138.670487275696 -10.488745504770735 3.520666737361729 6.540832901811088
1737482201994972416 729.552160898666 973.2790648845161 138.66689960551201 -10.369124923158573 3.4753378128902335 6.6259235970370955
1737482202028314112 729.5121711939951 973.3773986355161 138.901851693215 -10.240897226741863 3.3149636401865665 6.620524100825465
1737482202061655296 729.494603210133 973.4881151035081 138.999116934067 -10.207776487342223 3.1843992113883997 6.646586766960176
1737482202094995968 729.748248588271 974.104906856636 138.96805382774502 -10.25858539734729 3.269609516869696 6.632674196977421
1737482202128337152 729.9084242057461 974.39773414496 139.006357588218 -10.39785303055622 3.30624321683662 6.539074817219883
1737482202161678336 729.6671089233131 974.5235090858481 139.206732831207 -10.326758952622153 3.3199994674174134 6.32087927189442
1737482202195020288 729.7897524792081 974.5593462861441 138.97632638160002 -10.360882761494404 3.326881002469845 6.207974727677107
1737482202228361984 730.2076675241041 975.1137869284221 139.136002078696 -10.46956990240865 3.2838113633887334 6.251163078685198
1737482202261703936 730.0979290113571 974.816860251468 139.166198037767 -10.575640670468518 3.283889051159103 6.311938185279949
1737482202295045632 730.344377724773 975.162452843434 139.14044547314901 -10.444973448799047 3.3356064281743123 6.276576777157726
1737482202328387584 730.2981531540701 975.5493660860021 139.164766411866 -10.423417649682783 3.327627588850899 6.208035070223014
1737482202361729280 730.194202485666 975.3181856012081 139.36001077519998 -10.464372803511994 3.297414791030477 6.238908164774775
1737482202395070720 730.2517006628161 975.382389048238 139.472605828634 -10.435481013150342 3.2321186301318177 6.256499817431136
1737482202428412672 730.1805481801221 975.795202387416 139.19693858304802 -10.310719858938281 3.0673381723661617 6.196600350864742
1737482202461754368 730.1722502275751 975.79678300922 139.33340632435701 -10.247200977408939 3.053342550135413 6.105662064956322
1737482202495096320 730.15881854519 976.0029263973861 139.416850358406 -10.27001300509949 3.1266228448805333 6.054215715056724
1737482202528438016 730.1992875946411 975.979567139724 139.561824751453 -10.469497725586272 3.1956244523095094 6.091694620385144
1737482202561778688 730.044066917219 976.1401910633341 139.71242314433502 -10.542434441071737 3.206530180608826 6.00733935036279
1737482202595120640 730.308348072993 976.476391591422 139.75038011420702 -10.499810548111489 3.3076171752862358 5.864661406992887
1737482202628462336 730.325734803088 976.8149099469681 139.49890935651803 -10.544883157133876 3.3949239371696533 5.7090536265833345
1737482202661804288 730.3115120693191 976.705775644886 139.724665455155 -10.71618650648987 3.488435409389072 5.5754093089413965
1737482202695145984 730.612221586358 976.992766701396 139.612048184128 -10.816508113438603 3.572819461131724 5.471298087992829
1737482202728487680 730.626062652556 976.9802496969701 139.728142379416 -10.754100393297929 3.6988168924982725 5.2853676029776
1737482202761829632 730.834359870523 977.1293630324581 139.739431784509 -10.814081281784176 3.832163834809252 5.135255808379841
1737482202795171584 730.844233708543 977.2610503477941 139.504486033097 -10.959868481575281 3.8643180862967705 5.00747223564915
1737482202828513024 730.9690965949961 977.180854962524 139.61331858648 -10.969644006112732 3.888839444023768 4.999228737380239
1737482202861854720 730.944370596711 976.840490608428 139.591397041617 -10.926560953462086 3.8729866638008468 4.972582625378822
1737482202895196672 730.8588117255671 977.0233082805621 139.237789016943 -10.96714431262663 3.8063542380703983 4.9211026982893165
1737482202928538624 731.052099792245 977.06145365238 139.196126236587 -11.041758808689885 3.939269566110802 4.908334188522523
1737482202961880320 731.339898224845 977.031852922564 139.28348500278702 -11.129086493204474 4.142907941464481 4.8236158687495445
1737482202995221504 731.383461323625 977.186538142616 139.133530633893 -11.18768560135122 4.19070327844395 4.745650358735331
1737482203028563200 731.3906166009181 977.14865042774 138.993042045798 -11.171284718223147 4.1773876217543 4.6706225054809805
1737482203061905152 731.5419484738821 977.372655059606 138.752008612498 -11.22810497047885 4.147988419736458 4.646367079124233
1737482203095246848 731.7906667933271 977.2957591648101 138.77302126032902 -11.285166154803838 4.087102302159238 4.657122283853181
1737482203128588800 731.5301913851381 977.341673435474 138.70164941277 -11.254779030216275 4.035908677958569 4.589876697739714
1737482203161930496 731.5564469207211 977.271189594004 138.522073700377 -11.235815386130094 3.8826513173941284 4.654623871550688
1737482203195271936 731.6460204395171 977.371919607238 138.46203909426703 -11.21879308536662 3.7873288548206854 4.689441773810115
1737482203228613120 731.5917606362441 977.386878773676 138.44903961519 -11.231372883778546 3.822462470695688 4.649894365773253
1737482203261954816 731.661000214426 977.3162515744801 138.31707731766002 -11.23505824937777 3.8260295110068343 4.650456175839036
1737482203295296512 731.557755626771 977.401330431798 138.375426909899 -11.234742728075279 3.730813144611341 4.725394962085861
