1732022630101623552 -2364.834473 54.404812 1363.30986 -2.706204652594744 0.5127700533080481 -2.084172120965573
1732022630134923008 -2365.393799 53.102386 1374.293839 -0.4462693703439877 0.04982609524430116 -1.9739391422752035
1732022630168220672 -2365.628662 52.577869 1381.9852290000001 0.47996852876527146 -0.05981188402743818 -1.9277924964088407
1732022630201501440 -2365.716553 52.499424 1387.410919 0.7545779266033712 -0.11287295711425785 -1.9332950491895142
1732022630234777856 -2365.536865 52.442154 1393.587906 0.4638799511828521 0.13911124679587863 -1.8652933146122586
1732022630268051200 -2365.222168 52.545132 1405.4055329999999 0.13057277211709456 0.15293310273230842 -2.0531222971031897
1732022630301320704 -2365.285645 53.109943 1414.888229 0.14891406718342876 -0.5247257899887922 -2.1968719508963637
1732022630334586368 -2364.585938 51.834751 1426.08139 -0.7048112787072425 0.10416892834517183 -2.448984018472412
1732022630367849472 -2363.910889 50.329708 1442.846802 -1.0947025127328005 0.10036617626368484 -2.705598896778967
1732022630401109248 -2363.562988 49.02029 1456.426453 -0.9342666751633594 -0.2741078349937318 -2.9500456811768365
1732022630434365440 -2362.772949 47.109936 1471.6762390000001 -1.0662857463632571 -0.19900758025687715 -3.083574089761137
1732022630467618304 -2361.66333 44.268089 1493.8965759999999 -1.225887167838419 -0.08766097557470909 -3.15446489782962
1732022630500867840 -2360.609131 42.093914 1510.738159 -1.0124518871033927 -0.07601988440218853 -3.41010781382518
1732022630534113536 -2359.457764 39.829994 1528.10321 -0.8228036600058602 0.029470078548239593 -3.4625320122522596
1732022630567356672 -2357.79248 38.08749 1551.5980829999999 -0.460449957224636 -0.2468781454370137 -3.3121901510996925
1732022630600595712 -2356.284912 36.324593 1568.040344 -0.116873777554277 -0.30293767514252956 -3.4043460427406935
1732022630633831424 -2354.850098 34.89904 1584.111725 0.1914694091010318 -0.3331560894738154 -3.5883671702723383
1732022630667064064 -2352.974609 33.202675 1604.5870360000001 0.4213262409681375 -0.4801836134980643 -3.748803242733107
1732022630700293120 -2351.245117 32.047478 1619.563995 0.3546666100347058 -0.3205319996893206 -3.8350307026066126
1732022630733518848 -2349.901611 31.333487 1634.031281 0.5219059675819605 -0.42944341551832205 -3.932485066566158
1732022630766740736 -2347.95752 30.098204 1652.4418640000001 0.6538721547676505 -0.3932131018728952 -4.218247189264422
1732022630799959040 -2346.675537 29.122732 1665.672272 0.7140534816202109 -0.3851970429353807 -4.368398262505487
1732022630833174528 -2345.481934 28.581799 1678.748718 0.9431540674353671 -0.40377896738514885 -4.560641429811574
1732022630866386432 -2343.699707 27.574497 1695.164612 1.2744967021176845 -0.3274023533691787 -4.733500640296634
1732022630899595008 -2342.985596 27.670074 1707.419312 1.5469944709075405 -0.38354094530675764 -4.751860985410778
1732022630932800256 -2341.681152 27.37274 1718.8098750000001 1.7537166569611922 -0.38818505528547015 -4.769347525318383
1732022630966001920 -2339.993652 26.772526 1733.500122 1.9124805604967128 -0.3540913113653336 -4.827119952435448
1732022630999200768 -2338.618164 26.613998 1744.038818 2.049478092785084 -0.35868347960713676 -4.715300927614741
1732022631032395520 -2337.611572 26.298792 1754.17334 2.114969590779709 -0.4237218167338786 -4.661068985879474
1732022631065587200 -2336.049805 25.748627 1766.9476319999999 2.1693706407603766 -0.651839135197471 -4.444417271931497
1732022631098775296 -2335.213135 25.441996 1776.386047 2.3137728142612466 -0.9522963251460052 -4.2374059281527225
1732022631131960064 -2333.989014 24.797663 1785.345581 2.453535535495957 -1.1803142129251951 -3.99857719390411
1732022631165143296 -2332.997803 23.746145 1797.3046259999999 2.5591773787631995 -1.269939814395451 -3.799913495456368
1732022631198483200 -2332.232422 23.098154 1805.8773190000002 2.7187065523097496 -1.4602164625942744 -3.772946640238637
1732022631231822336 -2331.477051 22.29516 1814.2810060000002 2.7315994636442733 -1.4209596975229704 -3.869187893550997
1732022631265162240 -2330.889648 21.42808 1825.607422 2.8437829441423044 -1.3694749597682878 -3.940850642902015
1732022631298501888 -2330.345459 20.461193 1834.196899 2.8885203441586738 -1.24420917172484 -4.105238035998827
1732022631331842048 -2329.881836 19.474482 1842.590393 2.994880650994796 -1.1593414420608361 -4.249298808744177
1732022631365181696 -2329.775146 18.210197 1853.995972 3.051588791055598 -1.0748067384643976 -4.449973407848365
1732022631398521088 -2329.572754 16.875717 1862.4654540000001 3.077664443792514 -1.130932291293634 -4.537896152374798
1732022631431861248 -2329.955811 15.046999 1870.638794 3.0623755552887277 -1.1199717267468152 -4.731338064347123
1732022631465200640 -2329.811768 13.59374 1881.832214 3.0029173412232 -1.1710309084015609 -4.7911260592911775
1732022631498540288 -2329.651855 12.700637 1890.0477290000001 3.0452448643915626 -1.2458160407574028 -4.858011942492802
1732022631531879936 -2329.407227 11.87845 1898.0561519999999 3.040622503251643 -1.2611867147407292 -4.910455793339969
1732022631565219840 -2328.996094 11.481004 1908.451538 3.0533570745931846 -1.1452907006520436 -5.039494165339961
1732022631598559488 -2328.327393 11.478335 1915.799683 3.01437927666327 -1.114956723329301 -5.168260590341389
1732022631631898880 -2327.915771 11.79278 1922.838379 3.1461322933542477 -1.0064845576260717 -5.257623893692679
1732022631665237504 -2326.738525 12.202001 1931.1762079999999 3.331826968552804 -0.9822180728808145 -5.481803839113518
1732022631698576896 -2325.978027 12.854292 1936.784119 3.5056888377362734 -0.9509837004691151 -5.608796988421576
1732022631731916288 -2324.829346 13.671831 1941.318298 3.631645969711636 -0.8351647811197636 -5.70222483909791
1732022631765255936 -2323.254395 15.017489 1945.512512 3.6560801651450685 -0.7660429581736757 -5.832552115328153
1732022631798595072 -2322.151855 15.783469 1947.098633 3.639298745794126 -0.6484433650504143 -5.867116182017965
1732022631831934720 -2321.148682 16.654493 1947.0714719999999 3.7725442854289355 -0.6413271197314377 -5.941017731595135
1732022631865273856 -2320.058838 17.523603 1944.402344 3.9252121133659728 -0.699719653542949 -5.961197373749659
1732022631898613248 -2319.545166 18.183765 1940.8420409999999 3.9963903629783966 -0.800616603181312 -6.020677566030825
1732022631931952640 -2319.235352 18.84338 1936.276062 3.9172121196820213 -0.8619276653001804 -6.1353063244960255
1732022631965292032 -2319.061523 19.72686 1928.628906 3.7848796506791316 -0.914644432173387 -6.258395843921515
1732022631998631168 -2319.104736 20.22402 1921.5214839999999 3.735180941303765 -0.8884613745832927 -6.3734545908034255
1732022632031970304 -2319.002686 20.264423 1913.696594 3.6093370220544716 -0.8797492282555179 -6.396045349376112
1732022632065309440 -2319.161865 20.261604 1902.365112 3.3256046818148715 -0.8380577553271842 -6.410847013290967
1732022632098648832 -2319.424561 20.236465 1892.924255 3.2332875789908493 -0.7891091134839876 -6.424555323956571
1732022632131986688 -2319.245605 19.892654 1882.625671 3.1156818038808596 -0.8496547315521982 -6.306107104303369
1732022632165325824 -2319.945557 19.663918 1868.648254 2.9080485987225226 -0.8316092850867927 -6.268827349272573
1732022632198669056 -2320.221436 19.392841 1857.609802 2.7379232627773487 -0.854425110259082 -6.1679302852894216
1732022632232011520 -2320.466553 19.316181 1846.001831 2.5261978438035264 -0.8779682641245347 -5.990303792898487
1732022632265354752 -2320.763184 18.72183 1830.040283 2.2255792132159464 -0.9921696669194081 -5.796420450385351
1732022632298697728 -2320.899902 18.35503 1817.509583 2.102288623587392 -1.1231108644689496 -5.653887760032077
1732022632332040704 -2321.101807 17.776396 1804.507996 1.9607940800962242 -1.2575624955064013 -5.521023352650383
1732022632365383936 -2321.318848 17.233667 1786.9438480000001 1.8042154936740629 -1.240575571203864 -5.411679740638955
1732022632398726912 -2321.163086 17.396772 1773.6770020000001 1.7860569981718033 -1.3474244475310375 -5.215274592651094
1732022632432069888 -2321.264648 16.926928 1760.018616 1.6515972814727187 -1.2620885437853342 -5.182698266835197
1732022632465413120 -2321.4646 16.501034 1741.473328 1.5354999219890575 -1.2154525941010192 -5.230439523595298
1732022632498756352 -2321.687988 16.210609 1727.1326900000001 1.4147326738055617 -1.0240285843470005 -5.38458379682016
1732022632532099584 -2321.713379 16.045835 1712.842102 1.506481850197376 -1.0333474617364686 -5.342559098600203
1732022632565441536 -2321.958984 15.414714 1693.0535889999999 1.4477082375504604 -0.9399859447179783 -5.4222979670867355
1732022632598785024 -2322.039307 15.301049 1678.337646 1.4784794925599838 -0.9611782474761027 -5.381000715619033
1732022632632128256 -2321.742432 14.652026 1663.248322 1.425094346522657 -1.0523628833596235 -5.323821853689302
1732022632665471488 -2322.144775 14.621258 1644.009979 1.1609224875324566 -0.9527715837556293 -5.194173639959484
1732022632698814720 -2322.092041 14.287064 1629.380768 1.2582559723160927 -1.0415692818259932 -5.065167291209226
1732022632732157952 -2322.556885 13.972441 1615.080109 1.1686079083963532 -0.9387836897214521 -4.978665396430434
1732022632765501184 -2322.691162 13.631771 1596.320801 1.2162252751812932 -0.8788411109138357 -4.739431530529319
1732022632798844928 -2322.907471 13.40362 1582.652222 1.062358464065932 -0.7011009051834509 -4.679109680368027
1732022632832187904 -2323.532959 13.278093 1569.105804 1.1385794572928432 -0.8033890121835393 -4.537672439410909
1732022632898874880 -2324.309326 13.216169 1538.748901 1.0756077585175672 -0.5519955115229779 -4.313836657952612
1732022632932218368 -2324.81543 13.084584 1526.134918 0.9981957032823776 -0.23142573509464207 -4.35211130339783
1732022632998904320 -2325.066895 11.719083 1497.294067 1.0711276311331548 0.5233411051117577 -4.542523722333359
1732022633032247808 -2325.547852 11.850864 1485.881592 1.038354522595732 0.7453270550286338 -4.587155346178928
1732022633065591552 -2326.084473 12.503721 1471.417755 0.7240842544855279 0.6825886284184215 -4.445300123339138
1732022633098935040 -2326.390625 12.603022 1460.707703 0.6574488115575587 0.8433255317350841 -4.508826623247645
1732022633132278784 -2326.574219 12.350781 1450.322479 0.6030845142657323 0.7862954531434679 -4.431276404952569
1732022633165622272 -2326.630615 11.736207 1437.467407 0.6170255203501284 0.8646905684713193 -4.441985723908656
1732022633198964480 -2326.931885 11.474788 1428.635315 0.6587974493489847 0.9582606248677076 -4.5549894800299695
1732022633232306688 -2327.14624 11.264269 1420.357651 0.7492101276605269 0.8392915516175361 -4.546157349948035
1732022633265649408 -2327.264893 11.077252 1410.384125 0.7054154100524784 0.8830378011968838 -4.521207791587511
1732022633298991104 -2327.32666 10.939366 1403.211441 0.7668854067830687 0.8034737751703909 -4.504007264602951
1732022633332333824 -2327.492188 10.747699 1396.504761 0.6361224967181858 0.9140211924667534 -4.498967924065178
1732022633365676288 -2327.825195 10.504886 1387.987793 0.49476094741268367 0.819352090635193 -4.451022094073195
1732022633399018496 -2328.017578 9.495728 1381.810226 0.30180940028968084 0.8734476814993607 -4.468042368441502
1732022633432360704 -2328.207031 9.049961 1376.25415 0.07106616950436466 0.7474994162645979 -4.458630427328852
1732022633465702400 -2328.381836 8.483778 1369.908951 -0.23813473741446112 0.5567140933410357 -4.386136227800559
1732022633499044608 -2328.844727 8.105946 1366.248306 -0.21457634880620288 0.40505327048236595 -4.357987221057659
1732022633532387072 -2329.016846 7.354245 1362.765228 -0.39168095427841537 0.44920733789353345 -4.443346303034103
1732022633565729280 -2329.472656 6.450188 1359.298279 -0.25783959263491507 0.3872446528993484 -4.435509655280259
1732022633599071488 -2329.600586 5.857212 1357.092453 -0.2248839476376338 0.25358930751826786 -4.384818453392461
1732022633632414208 -2329.845947 5.387092 1355.229309 -0.16914673535564145 0.3059063261616981 -4.472011732685767
1732022633665756672 -2329.953369 4.492066 1352.763168 -0.18220190426414745 0.24615603045463905 -4.425735174904562
1732022633699098880 -2330.066895 4.194761 1351.48082 -0.1934812194445431 0.3104357830351163 -4.4919143542389826
1732022633732441088 -2330.254395 4.074835 1350.494629 -0.16978948003722702 0.24632450500987552 -4.313310647617768
1732022633765784064 -2330.246826 3.962343 1349.756531 -0.3001183099750939 0.1589381749085509 -4.232902672285272
1732022633799126272 -2330.156494 3.476487 1350.31868 -0.7907600351311626 0.6449402429295096 -4.179465544306964
1732022633832468736 -2330.38208 4.466432 1351.475983 -0.8461314967644796 0.19671123176911648 -4.063749141318868
1732022633865811456 -2330.508545 3.885205 1354.338669 -0.7767292451129211 0.41712647137355596 -4.17382232037522
1732022633899152640 -2330.571533 3.889168 1358.092926 -0.6710948131650838 0.3191516696692432 -4.124276114159836
1732022633932495104 -2330.479492 3.759582 1362.915115 -0.618006242930845 0.3647973591554243 -4.07633892877755
1732022633965837824 -2329.974609 3.102974 1370.980942 -0.649255553477182 0.39987281131181973 -4.052619251993772
1732022633999180288 -2329.902344 3.039919 1378.612045 -0.7902167550546856 0.4509212551604324 -3.947591480564101
1732022634032522752 -2329.672852 2.567899 1387.229858 -0.7211416586930475 0.45052074219194366 -3.8514610647631264
1732022634065865216 -2329.156982 1.87472 1399.679489 -0.7230725982569943 0.39637413758675116 -3.717174732719406
1732022634099207936 -2328.536133 1.206623 1409.486755 -0.4896078903684744 0.23409809021591846 -3.6354415970345424
1732022634132549888 -2328.106445 0.676999 1420.27243 -0.39505331207180927 0.14389036978219413 -3.55197629350994
1732022634165892864 -2327.404053 0.234547 1435.39447 -0.33066430548008574 0.1479910613367029 -3.496756823282791
1732022634199233280 -2326.640381 -0.224156 1447.166412 -0.23743806358202524 0.012159383326899838 -3.305031214914968
1732022634232573696 -2326.16748 -0.507603 1459.24472 -0.32956819085449596 -0.017424196059699304 -3.305973469200698
1732022634265914368 -2325.472168 -0.978009 1475.906738 -0.5140663623648227 -0.07986085749058364 -3.273595521051234
1732022634299254784 -2324.623047 -2.080119 1488.039581 -0.3016133140528983 0.0673354603827252 -3.449056112979511
1732022634365934848 -2323.57373 -2.9551 1517.91214 -0.28660987370386626 -0.3409794190858971 -3.455083701642426
1732022634399275008 -2323.126221 -3.7695 1530.761688 -0.4517763717814673 -0.2743759085959438 -3.5354145037344495
1732022634432615680 -2323.023193 -3.003853 1544.255737 -0.4446669073680799 -0.7160073049477214 -3.3262395200776163
1732022634465956096 -2322.447998 -3.675275 1561.540863 -0.36326098180790717 -0.6963471997974102 -3.398849993278924
1732022634499296512 -2321.797119 -4.107098 1574.377258 -0.19547768019870607 -0.8772918536806056 -3.3427271041527487
1732022634532636672 -2321.804199 -4.739235 1587.402039 -0.17792163852892745 -0.7521242167618682 -3.473702714284212
1732022634565977088 -2321.373291 -5.894718 1604.469971 -0.020496333870266937 -0.6803442550317287 -3.5501152985665163
1732022634599317504 -2321.03125 -6.502859 1617.581329 0.010943327822949779 -0.9225172602459324 -3.363609668208507
1732022634632657920 -2320.892334 -7.564201 1630.326141 0.10453440740628173 -0.9536738489997215 -3.343056805948187
1732022634665998336 -2320.88623 -8.687532 1647.18988 0.23747918391243425 -1.1293750163734348 -3.2088065312892926
1732022634699339008 -2320.902832 -9.744915 1659.645935 0.2510840770929772 -1.2190015143084338 -3.160263930675687
1732022634732679168 -2321.03418 -10.679564 1671.981476 0.2278074125615053 -1.3278817935974998 -3.087412550576247
1732022634766019584 -2321.465332 -12.190683 1687.9952700000001 0.19652993606589064 -1.4555253580451553 -3.096417402829871
1732022634799358720 -2321.04541 -13.599385 1699.4800420000001 0.2894119317136217 -1.6008303852296244 -2.984537497694312
1732022634832699136 -2321.049316 -14.739128 1710.817474 0.4380343115546837 -1.649470129943689 -2.886065953711322
1732022634866039552 -2320.838379 -16.389452 1725.552673 0.7255408483069381 -1.7364847827824539 -2.7413327949869997
1732022634899379968 -2320.685547 -17.522034 1736.571167 0.8815240500791001 -1.7645769365857689 -2.6691107060182993
1732022634932719872 -2320.7229 -18.385944 1747.977783 1.1033817120487863 -1.909785559087378 -2.6233152810353366
1732022634966060288 -2320.645264 -19.595932 1762.550415 1.1775919477670787 -1.9012562299983014 -2.596061309950395
1732022634999400704 -2320.131104 -20.333401 1773.182251 1.26083283741035 -1.8769299186772328 -2.4910841522313594
1732022635032741120 -2320.033447 -21.387566 1784.051758 1.2222880139758359 -2.048126330963591 -2.569098567807472
1732022635066081024 -2320.23999 -21.869698 1798.2664790000001 1.144976079873201 -2.0920419053695474 -2.658270152424671
1732022635099421440 -2319.626221 -22.2407 1808.216187 1.2304511047120317 -2.0664688065876007 -2.645086713314268
1732022635132761600 -2319.855469 -22.307251 1818.387878 1.1189793069476777 -2.090446571922132 -2.930816889151366
1732022635166102016 -2318.830322 -22.82811 1830.635681 1.126792843328233 -1.9341674191090013 -3.106756132032413
1732022635199443456 -2318.463379 -22.246433 1839.872192 1.122617307421601 -1.9035448724029078 -3.301994190085156
1732022635232784384 -2318.648682 -22.421892 1848.7386470000001 0.902869259418036 -1.7285924342458243 -3.6528241124644514
1732022635266126336 -2317.846191 -21.956158 1859.6842040000001 0.8289616083842892 -1.6240308825273564 -3.844137292443378
1732022635299468288 -2317.48584 -21.650274 1867.658081 0.848897809597578 -1.666968597711597 -3.9936851034872705
1732022635332810240 -2317.035645 -21.304096 1874.957825 0.966304404021941 -1.7225751572207324 -4.085470081618049
1732022635366151936 -2316.641846 -21.166822 1884.556396 1.012681894576142 -1.8057585547381465 -4.262550951668614
1732022635399493888 -2316.617432 -20.607367 1891.279968 0.995228313819668 -1.8476009556906667 -4.39642955419147
1732022635432835840 -2316.440674 -19.760666 1897.422302 1.0012800837602063 -1.8900281989867023 -4.54320755169729
1732022635466177536 -2316.140869 -18.944323 1904.6998290000001 1.1220988632025461 -1.794778455439607 -4.6910626382062395
1732022635499519488 -2315.702881 -18.127399 1909.371826 1.22748809208005 -1.7502049644799618 -4.776721274429288
1732022635532861440 -2315.616211 -17.135342 1913.462646 1.2536587139134339 -1.6149280823977616 -4.869681392812098
1732022635566203136 -2315.419922 -16.249313 1917.589966 1.285314555253915 -1.4569635429680359 -4.9203488146400485
1732022635599545088 -2315.314697 -15.606458 1919.796143 1.5080700952870978 -1.4132110121204842 -4.881690729035752
1732022635632887040 -2315.479736 -15.023233 1921.1807860000001 1.5412109227617534 -1.2935070511280864 -4.858980743411581
1732022635666227968 -2315.855713 -14.318835 1921.774963 1.7555778828350512 -1.3686350996418681 -4.76901716179577
1732022635699569920 -2316.479736 -13.835962 1921.20459 1.9289562516435943 -1.4245759956583044 -4.69383969040505
1732022635732911872 -2317.62915 -13.147017 1918.96051 2.057552068091844 -1.439893970380118 -4.742959407716352
1732022635766253824 -2318.349365 -12.856906 1916.6313480000001 1.924293010586585 -1.58697088674986 -4.732363946217899
1732022635799595520 -2318.907715 -12.751409 1913.379578 1.8833360968448263 -1.7526019975288634 -4.636831128392985
1732022635832937472 -2319.853027 -12.481457 1909.305054 1.8153855534545182 -1.7358602584818317 -4.6814844501955335
1732022635866279680 -2320.469971 -12.832742 1903.029297 1.7407885727857946 -1.8057225757548423 -4.741712585352357
1732022635899621632 -2320.644531 -13.175121 1897.541687 1.7078013223814943 -1.6898623242252462 -4.772466824230816
1732022635932963584 -2320.753906 -13.194915 1889.121155 1.6780197328761488 -1.3859690787475365 -4.789689072565375
1732022635966305536 -2320.424805 -13.463699 1881.80304 1.8392214698161025 -1.1921998242468603 -4.817801022555194
1732022635999647488 -2320.370361 -13.403251 1873.840637 1.7655211402434412 -1.0517066810191353 -4.8443641086782945
1732022636032989440 -2320.582275 -12.428239 1862.777283 1.4897881252673348 -0.9533382951863104 -4.7817174691484725
1732022636066331136 -2320.598389 -11.95575 1853.4452509999999 1.3875198120210057 -0.8014098722904412 -4.823363940977981
1732022636099673088 -2320.682129 -11.532474 1843.399719 1.3008888547410806 -0.743541115309355 -4.875495922763811
1732022636133014528 -2320.638184 -11.065338 1832.7563480000001 1.2752231660082618 -0.74668040335131 -4.915141938906451
1732022636166356480 -2321.065674 -9.926495 1818.0485840000001 1.1603195204818018 -0.5678031911970778 -5.139808523476742
1732022636199697920 -2321.240967 -9.289321 1806.595398 1.1317691326934465 -0.3666348824172517 -5.270669749511145
1732022636233039872 -2321.169434 -8.330909 1790.915649 1.2561153373515999 -0.08132787090496658 -5.3227626073212875
1732022636266382080 -2321.51001 -7.664885 1778.793884 1.3131077726470668 0.08283020911077295 -5.429794029464941
1732022636299723520 -2321.869141 -6.9314 1766.868774 1.3254703375749533 0.10927798290221673 -5.4509936359213125
1732022636333065728 -2322.147705 -6.290943 1750.57666 0.9943005491016904 0.0847478122534635 -5.41122739856
1732022636366407424 -2322.804688 -5.687729 1738.191345 0.7808536022154658 -0.004531804107557384 -5.406997790997193
1732022636399749632 -2323.112061 -5.344424 1725.582031 0.6447576494644411 -0.16626894519455943 -5.338140820434048
1732022636433091072 -2323.527588 -5.31536 1708.20047 0.3836767829364576 -0.2862497490624427 -5.244282133289173
1732022636466433024 -2323.918701 -5.012538 1695.2074890000001 0.32815420205390966 -0.29237759864746693 -5.103253809675835
1732022636499775232 -2323.863525 -4.880303 1682.2889400000001 0.15595999505491745 -0.21091617978634505 -4.938558874370994
1732022636533116928 -2323.162598 -4.558477 1664.924469 -0.0554168312629221 -0.15391946003095439 -4.62778986156044
1732022636566458112 -2323.131836 -5.146852 1651.622986 0.3139195729278983 0.13616032359525476 -4.6080642178254445
1732022636599799808 -2323.012207 -4.648443 1638.990143 0.3617580186744283 0.0338618581203301 -4.208943490974229
1732022636633141504 -2322.60376 -5.138571 1621.321106 0.6506170499231234 0.2586399134132415 -4.008964545260078
1732022636666483712 -2322.593018 -5.088866 1608.3610840000001 0.8543774870426298 0.24466122171455143 -3.759104077588024
1732022636699825408 -2322.621338 -4.826366 1595.516022 0.6231236587728307 0.34526009003972347 -3.7359427757103507
1732022636733167104 -2322.689941 -4.613728 1582.583008 0.5692974172742071 0.33018668921699107 -3.6116250568311363
1732022636766509312 -2322.993652 -4.153925 1565.777618 0.38932633351545975 0.14180647641849953 -3.4626237474284176
1732022636799851520 -2323.092285 -4.088777 1553.477356 0.34787069421866285 -0.000691820840258964 -3.3224422549411834
1732022636833193216 -2322.778076 -3.991251 1537.649414 0.23561394795162197 -0.07933422748569559 -3.0483751606801897
1732022636866535168 -2322.862061 -3.509916 1526.311462 0.18048793960197176 -0.012801467846814024 -3.0290332644061557
1732022636899877120 -2322.655518 -3.088278 1515.225677 0.21352728984917227 -0.014440121497441767 -2.89570936701041
1732022636933219072 -2322.1875 -2.458989 1500.996582 0.25542899088422644 0.18728685878644943 -2.810229341645933
1732022636966561024 -2321.827881 -2.03673 1490.146179 0.36642382866499834 0.32027885288651115 -2.6931481261209314
1732022636999901952 -2321.616211 -1.259324 1479.691895 0.6052703250473503 0.4884510859315799 -2.7072984077935263
1732022637033243904 -2321.234619 -0.107179 1466.1126709999999 0.695420763449027 0.6660745793563876 -2.7288196846655337
1732022637066586112 -2320.871338 1.02498 1456.2205510000001 0.7299785585699466 0.7235979310058649 -2.7235469384404336
1732022637099927552 -2320.659424 2.283507 1446.733032 0.6879155966046823 0.7184509018952191 -2.7164872298670675
1732022637133269504 -2321.010254 4.087961 1434.176926 0.8171545645646885 0.5599052134509144 -2.8651030326077955
1732022637166611968 -2321.080078 5.234974 1424.929092 0.8185388145317741 0.39819853077315337 -2.9520196077686314
1732022637199953408 -2321.005371 6.25131 1415.862686 0.8793983055530046 0.4260301168900287 -3.006619171940347
1732022637233294848 -2321.224854 8.273776 1404.611023 0.9874195597565748 0.3187343201979021 -3.148993054569843
1732022637266636288 -2321.265137 9.412452 1396.336945 0.8782344379633643 0.38932735707913024 -3.258391839740018
1732022637299977728 -2321.261963 10.486485 1388.981216 0.7673650893442518 0.4815719652659921 -3.259502337690644
1732022637333319424 -2321.424072 11.302078 1381.824112 0.7288465000545273 0.43929322434660895 -3.2280565960346426
1732022637366660864 -2321.646973 11.991328 1373.568924 0.7576314358054532 0.48312123041844723 -3.1619100892821517
1732022637400002304 -2321.79248 12.344871 1367.960464 0.6748822858946221 0.5186615763583555 -3.065423668082954
1732022637433344000 -2322.093262 12.585902 1361.439529 0.6755260022065787 0.39855265766760384 -2.9336482716824865
1732022637466684672 -2322.442383 12.632233 1357.173004 0.6028223371526088 0.4092599102673162 -2.8679052792171134
1732022637500026112 -2322.633057 12.534492 1353.339951 0.46210263542695773 0.28110766228978523 -2.6581180594798655
1732022637533367552 -2323.143555 12.519529 1349.392151 0.03873738365667247 0.30950760186164544 -2.5729879094943655
1732022637566709248 -2323.088135 12.178929 1346.835724 -0.011237030700372623 0.2572509361589059 -2.438967333356097
1732022637600050688 -2323.197998 11.787349 1345.360291 -0.2518811043150106 0.3944173909868322 -2.4329267783119626
1732022637633392128 -2323.38916 11.133669 1344.860138 0.11370892227495562 0.17147884763452081 -2.3454938388862807
1732022637666733824 -2323.429932 10.888079 1345.366302 0.2585279420504717 0.16857334814103034 -2.347443432113527
1732022637700075264 -2323.381348 10.828275 1346.380081 0.0720742563708277 0.29409171092563613 -2.3809556390750295
1732022637733416704 -2323.230713 11.068811 1349.271286 -0.3720262522492704 0.39281314293676545 -2.433291796921397
1732022637766758400 -2323.132812 10.848919 1352.387161 -0.44979429105306157 0.32922253634647236 -2.4565952264772024
1732022637800099840 -2322.894531 10.355645 1356.282883 -0.37356114552356556 0.26148376282152036 -2.432681227288687
1732022637833441536 -2323.024902 9.981911 1363.4996800000001 -0.34381101708715167 0.03551948792904802 -2.5287543220100166
1732022637866782720 -2323.171631 9.525089 1369.831985 -0.1984197335299144 -0.11550989161343851 -2.6301807870583427
1732022637900123648 -2323.089111 9.332994 1377.303528 -0.14135299860746978 -0.14499403452557533 -2.6380860668317307
1732022637933465088 -2323.251465 9.227491 1388.665253 0.17294371535024428 -0.25593405229142363 -2.700810919230328
1732022637966806528 -2323.183594 9.044031 1397.990204 0.18058382642576948 -0.26956391126359525 -2.7637758277327458
1732022638000148224 -2323.101318 9.03746 1407.840393 0.19014305136868165 -0.25185974649949777 -2.7560522469309197
1732022638033489664 -2323.000244 9.064923 1421.787201 0.4140253683864413 -0.31811571825205076 -2.8206970841593617
1732022638066831104 -2322.800781 9.043375 1432.790054 0.544118387794929 -0.35787247716473725 -2.786343151365834
1732022638100173056 -2322.677246 8.743244 1444.135742 0.6153885120994671 -0.4261196056505186 -2.8021909315872815
1732022638133514240 -2322.594727 8.877758 1459.9689329999999 0.5477823110129225 -0.5260219546072389 -2.8691987105922845
1732022638166855936 -2322.804443 9.200666 1472.050812 0.651197148223804 -0.5552818109843798 -2.91235675014858
1732022638200196864 -2322.76709 9.074636 1484.494568 0.6481224956446183 -0.6567795627062876 -2.9625722252198083
1732022638233537536 -2322.653564 9.18164 1501.28775 0.6501521124152118 -0.7509387086936986 -2.9568938683887183
1732022638266878720 -2322.668213 9.07454 1514.105469 0.5946925347349473 -0.798086122224292 -3.083786139276399
1732022638300219904 -2322.54541 8.873199 1527.2658999999999 0.529601743870789 -0.9082380069210642 -3.1332195789956243
1732022638333560064 -2322.570557 8.241044 1545.068939 0.6083641228594299 -1.049327927732747 -3.2029173717054484
1732022638366901248 -2322.632812 7.868214 1558.537445 0.7374082831492014 -1.1466178977339112 -3.2224383712237383
1732022638400242432 -2322.449463 7.575965 1572.134552 0.8009649377429151 -1.195491412538498 -3.1540507454012854
1732022638433583104 -2322.59375 7.297351 1590.6907959999999 0.892768049850535 -1.336039465400012 -3.1200125247570862
1732022638466924288 -2322.440186 6.621493 1604.131134 1.032133265450565 -1.4685445462262638 -3.197684283101346
1732022638500265472 -2322.626221 6.318259 1617.720184 1.1188920163434584 -1.421276719485445 -3.236488451656805
1732022638533606656 -2323.026123 6.020671 1636.038391 1.487342859682115 -1.5103761990819538 -3.2822994205108613
1732022638566947584 -2323.598877 5.551462 1649.673157 1.7537404486288466 -1.5624743937006138 -3.4452785390439455
1732022638600288512 -2323.72583 4.410755 1662.9372250000001 1.9388103096324447 -1.6458601752338973 -3.6040952375345663
1732022638633629440 -2324.696045 3.695013 1680.427429 2.3902124581560473 -1.5937038648407311 -3.703187609454074
1732022638666970368 -2325.196533 3.188806 1694.506927 2.1523505624613004 -1.9167286528146839 -3.775767044620247
1732022638700311552 -2325.530518 2.453277 1707.6830439999999 2.2232682130369965 -1.9379246945607569 -3.8083305820566657
1732022638733652480 -2325.907959 1.286896 1724.747314 2.48239081737201 -2.0793293497956262 -3.686257385164511
1732022638766993664 -2326.384033 0.353955 1737.218323 2.522718611227808 -2.057314674717274 -3.742299990406804
1732022638800333568 -2326.502197 -0.634654 1749.301514 2.6751493665096486 -2.1278903695993314 -3.6333046830540754
1732022638833674752 -2326.895508 -1.972012 1765.0198360000002 2.698820441368146 -2.236810168187154 -3.601394787308152
1732022638867015680 -2327.307129 -2.58171 1776.48407 2.782770418398495 -2.2243493250949617 -3.6222936773551124
1732022638900356864 -2327.579102 -3.280262 1787.362732 2.660320434760526 -2.046138024254893 -3.6545440709479795
1732022638933697536 -2328.132568 -4.156837 1801.3359990000001 2.425961407764157 -2.018207210434605 -3.7992850456028093
1732022638967038720 -2328.415527 -4.833915 1811.030884 2.3308936104867595 -1.9482960891648515 -3.8420899151489323
1732022639000379648 -2328.901123 -5.252302 1820.384705 2.1230300991732305 -1.8532661823564922 -3.976625878795095
1732022639033720320 -2328.801758 -6.157843 1831.5616459999999 2.035100784153687 -1.7772590423738863 -4.003112225079791
1732022639067061504 -2328.882812 -6.50686 1838.983032 2.006945213193533 -1.575204781819954 -4.062105861482184
1732022639200426752 -2330.029297 -9.517066 1865.403992 1.9666218206266768 -1.6688647706660802 -4.274768648757049
1732022639233767680 -2329.982422 -10.2581 1872.021545 1.8496607632352304 -1.7439981512950302 -4.173255721720436
1732022639900611840 -2332.5354 -12.209074 1832.967285 1.0051681350858055 -0.7376862281361392 -4.260165788772462
1732022639933954304 -2332.119629 -12.277235 1822.047607 0.9590002313756192 -0.5659835685232174 -4.343258040815577
1732022639967296512 -2331.729736 -12.728707 1813.522644 0.8632698706801686 -0.4387041225614541 -4.416060552798501
1732022640000638720 -2330.93042 -12.642931 1804.829407 0.9326896813649636 -0.3715656800445944 -4.324115159363961
1732022640033981440 -2330.301514 -12.730997 1793.022949 0.8365106330546455 -0.24186575664793422 -4.332227059768099
1732022640067323136 -2329.565918 -13.193274 1783.807129 0.5593297226002341 -0.10267690836666128 -4.348286810785363
1732022640100665856 -2328.900635 -13.035383 1774.1583859999998 0.3115729444776818 -0.07437843815097786 -4.274683917858963
1732022640134007296 -2328.185059 -12.961987 1760.718079 0.18122844560099094 -0.021830377828556638 -4.261335627590007
1732022640167349504 -2327.512939 -12.995835 1749.8057250000002 0.20302098605786398 0.033398795607788634 -4.21215009203113
1732022640200690688 -2326.757324 -13.109239 1738.625427 0.21727997480221814 -0.07968275022863747 -4.146384497847048
1732022640234031616 -2325.998779 -12.783418 1723.468018 0.0438955567574695 -0.08480894627216481 -4.154324276204291
1732022640267372800 -2325.119629 -12.666843 1711.622101 0.08061881631523868 -0.08870816275099332 -4.094010198621709
1732022640300714240 -2324.637695 -12.27051 1699.897766 -0.08393242966935086 0.1269100847561846 -4.141435480761806
1732022640334055168 -2323.910645 -11.560156 1684.427612 -0.18671885164071036 0.13850586309008475 -3.959379640930403
1732022640367396352 -2323.578613 -10.910065 1672.834259 -0.2887801968668401 0.34350982864968044 -3.94306386673286
1732022640400737280 -2323.264893 -10.806011 1660.909088 -0.10261732714395586 0.5687216131132831 -4.023845866587034
1732022640434078464 -2323.289795 -10.110995 1645.191284 -0.029959704529221864 0.8207954213863473 -4.088768278104186
1732022640467419648 -2323.287842 -9.249755 1633.574677 0.16349037912621242 0.9324894186154092 -3.95431498693067
1732022640500760832 -2323.344482 -7.682403 1622.234772 0.0665804679325268 0.9344238982852304 -3.7285983696665395
1732022640534101504 -2322.95166 -6.621725 1606.347137 0.0168444981566026 1.0974627101510666 -3.603038860551319
1732022640567441920 -2323.147217 -5.430143 1594.8236689999999 -0.03404389047259382 1.0561191448783065 -3.533935124876862
1732022640600783104 -2323.095459 -4.537025 1582.881775 -0.10131028893190117 1.1108628663374795 -3.427028405652702
1732022640634124032 -2322.921387 -3.476061 1567.346832 -0.18285456104075207 0.9835793282969884 -3.1740366657729777
1732022640667465216 -2323.059082 -2.550569 1556.210327 -0.2912955162557066 1.088091982385575 -3.1113400979431836
1732022640700805888 -2322.860107 -2.003187 1545.0946040000001 -0.2921813374609974 1.0602209895612733 -3.057379149055224
1732022640734147072 -2322.189941 -1.720336 1530.55658 -0.2441170781873739 1.1337733230822853 -2.8366506464572825
1732022640767488512 -2321.900391 -1.560143 1519.897217 -0.17110466623419238 1.1979630681564122 -2.871277357073357
1732022640800829696 -2321.498291 -1.210994 1509.58728 -0.13095021315647737 1.1534233804157161 -2.7163983656471453
1732022640834170624 -2320.464355 -1.060804 1496.015137 -0.29606570937612886 1.2058393696665817 -2.5852096227133936
1732022640867511808 -2319.507568 -1.215238 1486.255249 -0.4699923409441935 1.2255244111078607 -2.4421541048519955
1732022640900852736 -2318.650146 -1.161266 1476.737 -0.6107226223028203 1.372768937471655 -2.3818250080478442
1732022640934193920 -2317.568604 -1.48832 1464.1763310000001 -0.6498972475258257 1.4601812560496275 -2.275247594629144
1732022640967535104 -2316.741943 -1.530195 1455.460159 -0.6970270361363383 1.4772919721344242 -2.212311712155535
1732022641000875008 -2315.994873 -1.901102 1446.916489 -0.6208311899379498 1.3805092766332783 -2.1596455982863607
1732022641034215936 -2315.085938 -2.218297 1435.9024200000001 -0.6497441769874488 1.3608431051462544 -2.1494717647423505
1732022641067557120 -2314.629639 -2.490378 1427.8927 -0.6499708154058551 1.267697750343484 -2.1501963116914236
1732022641100898304 -2314.41333 -2.493405 1420.435471 -0.6370310896438062 1.1065643237608067 -2.242277004156883
1732022641134239232 -2313.803711 -2.554783 1410.913086 -0.8240252449058363 1.119795880804631 -2.2782659946628407
1732022641167580416 -2313.627441 -2.425194 1404.082611 -0.7603671310196543 1.0676586889423525 -2.363802219045794
1732022641200922112 -2313.320557 -2.544587 1397.709229 -1.0100772893674155 0.9862910696305659 -2.4279201326927224
1732022641234263296 -2313.077637 -2.446576 1389.564957 -1.1071518796047488 0.8804604817449878 -2.48466111458138
1732022641267604736 -2312.917969 -2.37471 1383.924774 -1.21284102277754 0.8657030536219924 -2.5305004538146414
1732022641300946432 -2312.873291 -2.240287 1379.035446 -1.223358979807164 0.7778519456289978 -2.6449476164086145
1732022641334288384 -2312.77832 -1.723518 1373.1600799999999 -1.0812448626414224 0.8243904486213774 -2.7629784068515626
1732022641367630080 -2312.852783 -1.64164 1369.55809 -0.9740902029292192 0.9045408670806367 -2.872653247856811
1732022641400971520 -2312.89209 -1.155196 1366.671738 -0.8716256936622836 0.9985568256243802 -2.865042059740817
1732022641434312704 -2313.151611 -0.595551 1363.2774200000001 -0.6633556891269701 1.1085067176113046 -2.8489556320638636
1732022641467653632 -2313.585938 -0.224487 1361.099091 -0.4896188079850268 1.0305886118363923 -2.854664567311588
1732022641500995072 -2313.914551 0.376175 1359.318115 -0.4478213689171145 1.044273117605156 -2.8458207629988896
1732022641534337024 -2314.432861 1.007773 1357.651733 -0.4172205496085229 0.973781869878695 -2.8023065121639807
1732022641567678464 -2314.885986 1.817929 1357.039948 -0.42107091129114216 1.0298949622638425 -2.7625851450717813
1732022641601019904 -2315.295166 2.375305 1357.035645 -0.4423466189121211 1.071426862869536 -2.6997693943645813
1732022641634361600 -2315.761475 2.924392 1358.327774 -0.5242458011542745 1.0406001167219854 -2.7007692997076784
1732022641667703040 -2315.881104 3.537093 1360.66153 -0.6809660316030591 1.1854406610087123 -2.630906395154307
1732022641701044736 -2316.326172 4.220754 1364.229599 -0.6681030384694763 1.1654075940401976 -2.5881377677393744
1732022641734386432 -2316.752686 4.462126 1370.384186 -0.4161478885692989 1.1185739113800564 -2.654250541093758
1732022641767728128 -2317.006836 4.769131 1376.021393 -0.11129443586369867 1.1106334537679974 -2.647932338853008
1732022641801069568 -2317.29126 5.431844 1382.589355 0.09452266668316785 1.1482907184715896 -2.6387523286801886
1732022641834411264 -2317.453857 5.840692 1392.52739 0.19970700686177587 1.2122364020033976 -2.713661110832269
1732022641867752704 -2317.628418 6.316415 1400.410583 0.35738706638989826 1.2543640366649662 -2.7827523021109224
1732022641901093120 -2317.685791 6.608199 1409.273254 0.4173366777412816 1.3357895107719897 -2.795652266267131
1732022641934435072 -2317.894287 6.881201 1422.35878 0.3816909659867993 1.2761588539931004 -2.852940395770093
1732022641967776512 -2317.939697 6.836185 1432.543594 0.438735638092968 1.1855821281969139 -2.854936945992214
1732022642001118208 -2318.359863 6.748595 1443.551163 0.4149215268116901 1.185144288016757 -2.8860482914089025
1732022642034459904 -2318.42041 6.29879 1458.750732 0.615133248659226 1.0668903743775344 -2.79802324083626
1732022642067801088 -2318.681641 5.838343 1471.062012 0.709539163945673 0.879162121029676 -2.7603340826340914
1732022642101143040 -2318.951904 5.473611 1483.634644 0.6053360911739508 0.8274965917700438 -2.6824535209189104
1732022642134484736 -2318.824219 4.62386 1500.678406 0.6019007534760795 0.733063705817021 -2.453082576943784
1732022642167825920 -2318.750977 4.202032 1514.016357 0.611109597820193 0.6674703513372683 -2.2871621151351325
1732022642201167616 -2318.594971 3.275357 1527.218048 0.5068090356824728 0.6002351902939619 -2.1385430234340514
1732022642234508288 -2318.236572 2.119303 1545.186432 0.2546885234583749 0.6506814886577429 -1.9457107680770866
1732022642267849984 -2318.125244 1.449458 1558.914398 0.32230307267124286 0.5836729329060681 -1.798031860082293
1732022642301190912 -2317.984863 0.691553 1572.721954 0.41840848820265264 0.47482726011334314 -1.6612455860520556
1732022642334531072 -2318.628906 0.341124 1591.852386 0.3558581661706808 0.21286965482521375 -1.6326545090936344
1732022642367872256 -2319.093018 -0.422041 1606.065857 0.29332422891685006 0.15738829351848646 -1.6973620695306224
1732022642401213696 -2319.204346 -1.409147 1620.120911 0.4253755489171121 -0.03805198674754942 -1.7836135378913138
1732022642434555136 -2320.178223 -2.297539 1639.1499019999999 0.6160602142131874 -0.16570767355689056 -1.9053254094703527
1732022642467896064 -2320.409912 -3.361336 1653.238373 0.6536628246515644 -0.2794280922199267 -2.047451745788388
1732022642501237504 -2320.619629 -4.184879 1667.167175 0.8470376842634411 -0.3361145315258583 -2.0462145751450334
1732022642534578432 -2320.589355 -5.242656 1684.966705 0.9986647312921952 -0.008945931162610943 -2.0841710252970023
1732022642567919616 -2320.743164 -6.283049 1698.217499 1.1765880272082863 0.0071701435218226575 -2.238848315614107
1732022642601260288 -2320.62207 -7.093678 1711.110657 1.2973580494067896 0.27855703985202135 -2.3869784820407265
1732022642634601984 -2320.282959 -8.085692 1728.019165 1.1630245305499305 0.40761382643894317 -2.6215757559359307
1732022642667943168 -2320.363281 -9.080439 1740.930176 1.0688078430247134 0.2691372552920237 -2.766582756902975
1732022642701284352 -2320.086426 -10.036543 1753.39209 1.1894853841233817 0.09665932021535922 -2.7603599417057083
1732022642734625536 -2319.802979 -11.27735 1769.7119750000002 1.2281149752320664 -0.04853529234356437 -2.8616991703351733
1732022642767966720 -2319.341064 -12.278299 1781.637634 1.2585350355358262 -0.19694850160195165 -2.8558504789295998
1732022642801306880 -2319.257324 -12.645953 1793.7229 1.2881984898596874 -0.35265594548016266 -2.7838484781593724
1732022642834648064 -2318.764648 -13.851278 1808.6207889999998 1.297266049426892 -0.4418660029282068 -2.7082033383324666
1732022642867989248 -2318.69043 -14.634821 1819.757019 1.1980674384750605 -0.4961810949185227 -2.7330156257440823
1732022642901330688 -2318.468262 -15.387478 1830.431763 1.0231294717508168 -0.5774896843512711 -2.6927653584160463
1732022642934671616 -2319.392334 -16.487488 1844.2879639999999 0.8247348717893935 -0.6462588586362669 -2.913158987819982
1732022642968013056 -2319.575195 -17.168182 1853.921936 0.8856861358766418 -0.7032616504089937 -2.935958987063031
1732022643001353984 -2320.184814 -17.760445 1863.470703 0.866182713377176 -0.7099547217409239 -2.987150694550244
1732022643434787072 -2337.013428 -23.306412 1960.874634 2.117142759197542 1.4900304568304992 -3.0018145758012635
1732022643468128000 -2338.041992 -23.339731 1964.757324 2.053219354276778 1.4070556494396336 -2.828404724124886
1732022643501469184 -2338.44165 -23.613333 1967.618103 2.124155881337099 1.5320864706792932 -2.724690029893272
1732022643568151040 -2339.618408 -23.784239 1972.2803959999999 2.275189623684766 1.4222775245552293 -2.7695463419328696
1732022643601491968 -2339.703369 -23.671398 1972.912354 2.2275829415944357 1.4807535176724589 -2.8246076394607895
1732022643634832896 -2339.80249 -23.597469 1972.977051 2.1564025873714834 1.4171245552702845 -2.8735691903008425
1732022643734854656 -2339.543213 -23.605549 1969.954651 1.8310052365542004 0.9859300745717714 -2.8937267020482293
1732022643768195840 -2339.928467 -23.498264 1968.1830439999999 1.705468588741875 0.9014569298459765 -3.000665053297084
1732022643801536512 -2338.828125 -23.993824 1964.997803 1.835351948368125 0.9368135733169514 -2.9258791864664224
1732022643834877440 -2339.000488 -23.858685 1961.403564 1.566011469970473 0.8063124480274081 -3.1121365104353873
1732022643868218624 -2338.363037 -24.052113 1957.458435 1.6718452474242658 0.9645625370406802 -3.0989565271823523
1732022643968241152 -2337.625488 -24.512468 1941.669067 1.5185817440405658 0.8231775946293582 -3.178051328821737
1732022644001582336 -2337.215088 -24.679949 1935.3942869999998 1.758189102091385 0.6960313243771263 -2.9951911406491742
1732022644301649408 -2335.650391 -24.855223 1849.4866940000002 1.8458081161438875 1.4657364043982097 -3.031157405340323
1732022644334990336 -2335.874512 -24.482637 1836.709412 1.9420660016246547 1.6872831428003316 -3.122835706042206
1732022644368331520 -2336.141113 -24.255013 1826.998352 1.8687325292324675 1.9436073118709374 -3.2140827354334407
1732022644401672448 -2336.218018 -23.843321 1816.992432 1.9407014244920977 2.070166242269866 -3.2659819341167897
1732022644435013120 -2336.515869 -23.209692 1803.44574 1.891017741308442 2.2016133521104755 -3.3517805113470223
1732022644468354304 -2336.646484 -22.809696 1793.356201 1.792526762983131 2.307404984208472 -3.3986274396143923
1732022644501695232 -2336.662354 -22.668863 1782.633789 1.758503023160517 2.5177581984139024 -3.4244055530485364
1732022644535035904 -2336.327393 -22.290127 1767.969299 1.7772554715459652 2.6848728338419128 -3.337406510445865
1732022644568376064 -2336.099609 -21.861504 1757.09082 1.6631389014639577 2.6516785481651204 -3.2676166961655695
1732022644601716736 -2336.173584 -21.561337 1745.697388 1.5958527893259462 2.6328717036759612 -3.2776832640268005
1732022644635057664 -2335.441162 -21.446424 1730.460022 1.548925760802156 2.573455140165483 -3.1164453864808057
1732022644668398336 -2335.061768 -20.868084 1718.98468 1.4731628339115106 2.629323821743829 -2.9713999843252457
1732022644701739520 -2334.908936 -20.614496 1708.000885 1.254304612391336 2.4675162500571672 -2.92146787688284
1732022644735079936 -2334.187256 -20.5165 1692.882233 1.2064521626028248 2.312642462244106 -2.707410397368673
1732022644768421120 -2333.4104 -20.779442 1681.5833440000001 1.181555774973399 2.3599923500733357 -2.6342288840352865
1732022644835102720 -2331.320801 -20.898413 1654.916595 1.7431397006910743 2.488269630713889 -2.1193740681394138
1732022644868443904 -2330.995605 -20.469614 1643.925354 1.7226603511801966 2.5900002787411576 -2.1216325809027645
1732022644901784320 -2330.414795 -20.00009 1632.9656069999999 1.9508792222427596 2.5379666157761163 -1.9404706650834835
1732022644935125504 -2330.104004 -19.440371 1617.9895940000001 2.099585247875533 2.4884568293664255 -1.8947889056456422
1732022644968465920 -2329.825439 -19.161871 1606.466003 2.199139570634354 2.2191639620852732 -1.8638531893231025
1732022645001806336 -2329.9375 -18.451872 1594.766235 2.4231455393680403 2.003417109675693 -1.8035412317538415
1732022645035147008 -2329.503174 -18.031778 1579.41687 2.382067004165305 1.8069921834648297 -1.6572916059282814
1732022645068487936 -2328.661865 -17.394211 1567.94751 2.430673929446564 1.9094569340787537 -1.5830146299559755
1732022645101828608 -2328.643066 -16.850298 1557.062958 2.2403305827377333 1.884907451574656 -1.634898743645334
1732022645135169536 -2328.752686 -16.134979 1542.727142 2.2016377736871746 1.9612710142357994 -1.7158492972774877
1732022645168510208 -2328.740967 -15.532943 1532.213379 2.109386310696166 2.035125453009303 -1.7963895677176136
1732022645201851904 -2328.867676 -14.573391 1522.186615 2.1711291622968467 2.054135817238998 -1.9249717832179087
1732022645235193856 -2329.098877 -13.332204 1509.101105 2.2842192436198374 2.1174125124407834 -2.0417937870624976
1732022645268535040 -2329.216553 -12.42128 1499.339233 2.360961739755271 2.1093125408175086 -2.1280105369737754
1732022645301876736 -2329.315674 -11.336063 1489.8133540000001 2.447284998398434 2.121787761305482 -2.2249906065801146
1732022645335217920 -2329.377686 -10.013999 1477.485291 2.461621186463611 2.109206301318027 -2.2913393842640812
1732022645368560128 -2329.480469 -8.760007 1468.741241 2.550226218805303 2.1118760085581822 -2.349703813649304
1732022645401901824 -2329.479736 -7.46674 1460.300201 2.5838869509481452 2.181767127972932 -2.4008860722011653
1732022645435243008 -2329.655518 -6.08732 1449.35495 2.6026564143831914 2.052304355220823 -2.4766828145458897
1732022645468583936 -2329.654053 -4.866916 1441.716385 2.836925395310743 2.081544933953492 -2.497431104329403
1732022645501925120 -2329.258789 -3.938094 1434.097778 2.836704612268982 2.07342942945663 -2.39223512786442
1732022645535267072 -2329.313477 -2.375382 1425.048218 2.649614466010553 1.9896970123213173 -2.5456525286099416
1732022645568608768 -2329.052979 -1.225426 1418.700577 2.587845685962048 1.8007017000836725 -2.495833373118161
1732022645601950464 -2329.043945 -0.185288 1412.374939 2.59745061115437 1.4591881747985336 -2.5859809351289473
1732022645635291904 -2328.811768 0.785651 1404.905289 2.4484108905910076 1.2351722647878107 -2.8538016102791186
1732022645668633856 -2328.538086 1.510535 1399.502014 2.414101154107671 1.1038919171063768 -2.953124775545222
1732022645701975296 -2328.184082 1.990575 1394.604843 2.4693062739768985 1.063706409358438 -2.9944304424078747
1732022645735316736 -2327.803955 2.19119 1388.52475 2.437261443821311 1.049257655980306 -3.0682162745780754
1732022645768658688 -2327.559082 2.27635 1384.364532 2.34424363676941 1.0039520369555692 -3.0800591466455263
1732022645802000384 -2327.431641 2.459509 1380.685532 2.184868416907271 0.9206596027914876 -3.0614817120619002
1732022645835342080 -2327.194336 2.286185 1376.215851 1.8406003217845495 0.7955748287699893 -2.9943119604802133
1732022645868683520 -2327.014404 1.832444 1373.38298 1.5458195467897065 0.795451047661646 -2.9289038484764083
1732022645902023936 -2327.15625 1.744484 1371.135574 1.589999215347581 0.6854467485390313 -2.738643228592444
1732022645935365888 -2327.230469 1.230778 1368.959152 1.3612357608905028 0.5103067296002829 -2.672431860806029
1732022645968707584 -2327.229492 0.836167 1367.7436519999999 1.3825901165638124 0.546139867010941 -2.6944703971397987
1732022646002049536 -2327.181152 0.683563 1367.410355 1.3148228696368496 0.5794345485182346 -2.6900783913190933
1732022646035390720 -2327.023682 0.376315 1367.939453 1.2055682290877123 0.709573752413043 -2.7280499459763807
1732022646068732672 -2326.881592 0.216958 1368.968231 1.100997554238632 0.9042733089501969 -2.7838975900662657
1732022646102074368 -2327.107422 0.459342 1371.096268 1.1581418251874505 0.8112049349440764 -2.789859880627103
1732022646135416064 -2327.157959 0.55135 1375.075928 1.045354966798354 0.8134002211678178 -2.8410456835565454
1732022646168758016 -2327.129639 0.840419 1379.069916 1.1175196559805245 0.7909863963669275 -2.8651625757706634
1732022646202098688 -2327.240234 0.912412 1383.728577 1.1637049898751193 0.7840806209570974 -2.9297149083228926
1732022646235440128 -2327.330078 1.098085 1391.294769 1.2076113406248845 0.8461779548473316 -2.941171016805739
1732022646268780800 -2327.398193 1.184515 1397.899979 1.3669519282056068 0.7149210008971066 -2.926601177633425
1732022646302121984 -2327.323242 1.231706 1405.356842 1.4519264090566577 0.7258424125487445 -2.881862959914189
1732022646335461888 -2327.255615 1.341445 1416.5008540000001 1.6054453423649706 0.8161244967788425 -2.837871189594102
1732022646368803072 -2327.190186 1.411208 1425.524948 1.6846329173513832 0.8726589689759047 -2.810501488687236
1732022646402144256 -2327.034424 1.548208 1435.551712 1.824237025200689 0.7999329164591724 -2.8339152572699304
1732022646435484672 -2326.817139 1.13984 1449.603043 1.9209978738822238 0.787051865212646 -2.774510406558869
1732022646468826112 -2326.73291 0.824886 1460.847778 1.9735254125075734 0.8194533520562846 -2.7273674383926587
1732022646502167040 -2326.758789 0.398028 1473.017487 1.9010453553252173 0.7111889723374573 -2.732716002952211
1732022646535508224 -2326.820312 -0.325091 1489.9902339999999 1.674003121613329 0.896546087354521 -2.671151246770658
1732022646568848896 -2326.437012 -0.882081 1502.917358 1.5270900783410644 0.8117873802318191 -2.655175372414025
1732022646602190080 -2326.734131 -1.828723 1516.3829349999999 1.3997122806855538 0.7853313180262202 -2.6116559577450142
1732022646635531008 -2326.854248 -3.075017 1535.168365 1.2360948742801383 0.8237426706397121 -2.5440549765846696
1732022646668871936 -2327.304443 -3.931614 1549.9799189999999 1.0028547645722043 0.8487002056260129 -2.5168832040429185
1732022646702212864 -2327.432861 -5.157274 1564.712128 0.8753880627483552 0.9171358769260115 -2.4468479630431763
1732022646735554048 -2327.800049 -6.546567 1584.9876100000001 0.9637851257417884 0.9799242452529606 -2.299700024279203
1732022646768894720 -2327.905518 -7.848045 1600.224091 0.823256401034989 1.0317020763804856 -2.1793279511770924
1732022646802234880 -2327.884033 -9.161899 1615.02066 1.0726667546854876 1.0630050717802435 -1.981852431778948
1732022646835575808 -2328.435059 -10.393475 1635.129669 1.1778692474194132 0.7854344886166066 -1.8399453021882344
1732022646868916736 -2328.35498 -11.748789 1649.488861 1.0731961020454939 0.7220696972697779 -1.7357771896253447
1732022646902257664 -2328.69043 -12.558022 1663.89801 1.0715018674335823 0.6891153302256008 -1.7027814284755767
1732022646935598336 -2328.57666 -13.755931 1682.320221 1.0684811031920813 0.6600024824267936 -1.6838601951778682
1732022647002280448 -2329.291748 -15.070586 1709.771851 1.032980755599327 0.23881630819676444 -1.6618061195692893
1732022647035621120 -2328.855225 -16.29464 1727.1286619999998 0.9441349834898763 0.18810485447133024 -1.7600667407447113
1732022647068962048 -2328.692627 -16.754961 1739.97699 0.99563000513751 0.06153794074373087 -1.7525494889683275
1732022647102303232 -2328.703613 -17.274225 1752.252197 1.140104973182084 -0.021498600225125508 -1.7966223001915098
1732022647135643904 -2328.821045 -17.941982 1768.292725 1.2324015362972556 -0.04377320928276812 -1.917422592840277
1732022647168985088 -2328.872559 -18.419554 1779.927124 1.2528961877804112 -0.11016032037548164 -2.0084696524931145
1732022647202326272 -2329.111084 -18.423574 1791.264038 1.2850823357246768 -0.15772794113482944 -2.069168619133445
1732022647235665920 -2329.13623 -18.675434 1805.844055 1.462926822586986 -0.1895765004257802 -2.1503814172659994
1732022647269007104 -2329.07251 -19.123075 1816.29187 1.5313597220383088 -0.16002175283603035 -2.218030918142531
1732022647302348288 -2329.312744 -18.943022 1826.619995 1.593485337864073 -0.08996463009235195 -2.3114308141142352
1732022647335689216 -2329.633545 -18.817425 1839.719666 1.7038965817545069 -0.04080297161145505 -2.4453817880516477
1732022647369029888 -2329.851318 -18.792786 1848.9646 1.8528584335808624 0.03322499867565733 -2.5807812262633334
1732022647402371072 -2330.165771 -18.949242 1857.797363 1.9606974642383264 0.05047734476333648 -2.7281320891865204
1732022647769121536 -2339.13623 -23.186708 1929.231323 1.8174510114430396 -0.4583847196464812 -3.114912862031052
1732022647802462464 -2339.466797 -23.668047 1932.431396 1.7247474150432294 -0.24564088817940735 -2.9426750702575633
1732022647835803136 -2340.450195 -24.076494 1936.783752 1.5614956866660814 -0.1253631743691422 -2.853425161687083
1732022647869144320 -2340.312256 -24.627213 1939.292175 1.5437317826354144 0.21577612749450795 -2.7664129699745303
1732022647902485504 -2340.343506 -24.967428 1941.5491940000002 1.5598060818827286 0.55210857618073 -2.754726236312442
1732022647935826432 -2339.913574 -25.523247 1943.6542359999999 1.715672021202703 0.8262704312399806 -2.704614239996474
1732022647969167104 -2340.387695 -26.156898 1944.712769 1.8260965830142593 1.0587731448596667 -2.7772033769678783
1732022648002508288 -2340.022461 -26.475969 1944.6808469999999 2.1856944372557274 1.1218598821597188 -2.756197502263765
1732022648535970304 -2331.547119 -25.985672 1843.532837 1.7716378915680362 0.08996168103791792 -3.5151786532690403
1732022648569311488 -2331.130371 -24.811838 1833.123535 1.8706910020422023 -0.025883391742028614 -3.4379099906096173
1732022648602652672 -2331.09668 -23.625561 1822.137573 1.9805979481202447 -0.07639960027988146 -3.420977793145808
1732022648635994624 -2330.817871 -21.997158 1806.765564 2.018838220594049 0.004891891575532232 -3.4347095205033606
1732022648669336320 -2330.929932 -20.57152 1794.986572 2.019188768497818 0.08944993325454126 -3.4894628506184704
1732022648702678272 -2330.964355 -19.192974 1782.8664549999999 1.9507855299052341 0.2009381684042834 -3.4854598428520553
1732022648736019968 -2330.991211 -17.359884 1765.9475710000002 1.9327721947090732 0.45239803045729804 -3.426698590350931
1732022648769361408 -2331.757568 -16.387079 1753.378052 1.8243305346880732 0.4196301666986589 -3.521095988044197
1732022648802703104 -2332.44043 -15.037428 1740.6710819999998 1.9289378528313326 0.47830294326268596 -3.479075616228802
1732022648836045056 -2332.977295 -13.866071 1722.688965 1.8692443803743992 0.5783442789632258 -3.5089258504231196
1732022648869386752 -2333.563965 -12.697854 1709.100769 1.9352433980851027 0.6142097745118466 -3.5064282518732504
1732022648902728448 -2333.92334 -11.968524 1695.189697 1.900794005694192 0.6868156403515157 -3.521935953548048
1732022648936069888 -2334.469727 -10.451174 1676.274933 2.0678910339821353 0.8279457938997203 -3.51483381944459
1732022648969411840 -2334.27002 -9.420396 1661.85022 2.1007304302233343 0.8955152460809366 -3.365101990994534
1732022649002752768 -2334.666504 -8.317724 1647.699585 1.8534829479190478 0.9961824562299654 -3.3065847656637586
1732022649069435904 -2335.000977 -5.421618 1613.36615 2.136301356759262 1.6034203401453757 -3.220275098945506
1732022649136119552 -2333.606934 -3.618543 1581.732697 1.8152099068006786 1.5229210451156516 -2.8509456505320694
1732022649169461504 -2333.087158 -2.821822 1568.053192 1.688887442148372 1.5941693042753706 -2.805269274558877
1732022649202803456 -2333.049316 -1.89431 1554.656219 1.7445098320163956 1.7283731688790935 -2.858145969696256
1732022649369512704 -2330.942871 3.597366 1481.060974 1.6134510719540256 1.3093398553272348 -2.75070691084007
1732022649402854656 -2330.332031 4.900099 1466.026611 1.4605331924041254 1.173632673969665 -2.677417765034475
1732022649436196608 -2329.912354 5.769364 1455.967682 1.1621939249314102 0.9604316978617776 -2.6981584881671155
1732022649469537536 -2329.595947 6.720513 1446.584778 1.0234481907329143 0.7231158018283769 -2.6204688296796483
1732022649502879488 -2329.327881 7.7813 1434.7325289999999 1.0480015802263962 0.6415630378661655 -2.5945474470002137
1732022649536221440 -2328.824219 8.10061 1426.352676 1.0339758412820654 0.40742645534101957 -2.499059885987793
1732022649569563648 -2328.407715 8.683184 1418.910248 0.9830439363481339 0.5131411159119785 -2.53779509972774
1732022649602905088 -2327.920166 9.577456 1409.819992 0.87018874277657 0.729758429585234 -2.5715407280737255
1732022649636247296 -2327.44873 9.994627 1403.325729 0.7356361078493523 0.9216227940851003 -2.612772573826038
1732022649669589248 -2327.14624 10.257142 1397.034378 0.7558939981062897 0.8128179471533392 -2.581174134722943
1732022649702931200 -2326.995605 10.560462 1389.084641 0.6851919199017396 0.6300701029859875 -2.4689889219889563
1732022649736273408 -2326.783691 10.97138 1383.657623 0.572706330055742 0.5344596837874032 -2.4754859910601916
1732022649769615104 -2326.528076 10.763392 1378.12149 0.4428120612731837 0.6211999127640251 -2.5055169474196335
1732022649802957312 -2326.164062 10.693566 1372.076462 0.39529088858227096 0.434428800168299 -2.4519763631105467
1732022649836299264 -2325.938721 10.532701 1367.7382969999999 0.4123087617924879 0.3988903476365104 -2.4930425191814303
1732022649869640704 -2325.792725 10.509571 1363.732468 0.4248624394132491 0.45094783788151016 -2.527599980048218
1732022649902981888 -2325.640137 9.771094 1359.361282 0.4517730079114156 0.37195890822836475 -2.657192905342793
1732022649936324352 -2325.524658 9.486408 1356.935913 0.33538658322547116 0.42763942942919453 -2.7474835362416674
1732022649969666304 -2325.377686 8.881442 1354.928024 0.23514926192509206 0.3040177463946343 -2.817147393753188
1732022650003008000 -2325.341309 8.33416 1353.785858 -0.10549854057897645 0.24306938685350776 -2.8150811579990793
1732022650036350208 -2325.37793 7.34959 1354.1313930000001 -0.2937950678756613 0.14095149981257674 -2.758235089037608
1732022650069691904 -2325.701416 6.831755 1355.773575 -0.41776005539029426 0.06142928067646785 -2.814645477702162
1732022650103034368 -2325.8125 5.895243 1358.553726 -0.39483894019509963 -0.06524367545733915 -2.745613915877367
1732022650136376064 -2326.076904 4.78734 1364.047516 -0.3803165888302873 -0.14982169717845936 -2.7688613098581376
1732022650169718272 -2326.318604 4.494812 1369.326538 -0.2823313853285141 -0.1712687271209215 -2.710416158231197
1732022650203059712 -2326.496094 3.656723 1378.255341 -0.3366769015868811 -0.23359444739957994 -2.7053170419435406
1732022650236400640 -2326.991943 2.975966 1386.658401 -0.5211157844195285 -0.3179767162978263 -2.820073044117042
1732022650269742080 -2327.30835 2.243749 1395.457794 -0.5567494642871166 -0.13139803278420165 -2.8533121059635342
1732022650303083264 -2327.723145 1.144541 1408.529282 -0.38623475187783324 0.032600261279410965 -2.812230403114764
1732022650336423424 -2328.236084 0.250713 1419.191666 -0.2770198797516618 0.059827013944899504 -2.844605009282022
1732022650369764608 -2328.897217 -0.524051 1430.469818 -0.20495194446578924 0.0619970527366037 -2.9376733814196836
1732022650403105536 -2329.926025 -1.464299 1446.167175 0.28160893400230436 0.051500458900581116 -2.887043817394494
1732022650436447232 -2330.655029 -2.232891 1458.494476 0.3657095922325063 0.16545192475728296 -3.04641694566546
1732022650469788416 -2331.539062 -3.16219 1471.392517 0.4155150450578195 0.15463379854441062 -3.0653265194767547
1732022650503129600 -2332.165527 -3.846801 1488.219452 0.32297258116713556 0.12747124540335986 -3.224086998348973
1732022650536470528 -2333.084473 -4.40703 1501.426514 0.13094112746005332 0.16173766121303243 -3.334174602966842
1732022650569811712 -2333.858398 -4.746664 1514.70343 0.08295308901333878 0.1114300249997183 -3.449524088073786
1732022650603153152 -2334.942627 -5.776746 1532.664398 0.04482700353876024 0.06662675339029023 -3.485163674824779
1732022650636494080 -2335.622314 -6.156191 1546.072021 0.24429454687450447 -0.05155742066302039 -3.5777359771766206
1732022650669835520 -2336.209229 -6.445882 1559.35611 0.38623551643795057 -0.20223521931913838 -3.6303569709971724
1732022650703176448 -2337.016357 -6.175423 1577.397614 0.40313309883469844 -0.16563230570122198 -3.745289713107423
1732022650736517888 -2337.394287 -6.729624 1591.067963 0.33643318915622344 -0.21274235515683154 -3.850923164480889
1732022650769858816 -2337.674072 -6.761686 1604.845398 0.38848013762360667 -0.11469937675500787 -3.889308335869354
1732022650803199232 -2337.909912 -7.505748 1623.575745 0.3641476620966733 -0.094771637405961 -4.005257644164815
1732022650836539904 -2337.85376 -7.884491 1637.910065 0.31311622686202406 0.0608624933819243 -4.038233673617315
1732022650869881088 -2337.695557 -8.544894 1652.346344 0.34874788093950826 0.09992383277359607 -4.028916356346607
1732022651736769536 -2334.529541 -17.885208 1960.579407 2.977538015449816 -0.9026878919303626 -3.4212401334448974
1732022651870139136 -2339.544922 -18.158213 1967.6152339999999 3.782565457695741 -0.7103835693693697 -3.678103829586971
1732022652303586304 -2336.426514 -18.129894 1870.820984 3.0042749300931213 -0.30190254847726156 -2.848337334588993
1732022652336928256 -2336.200195 -17.274361 1857.509888 2.9886010030523718 -0.18060270681908425 -2.872769452931229
1732022652370269696 -2337.371826 -16.46896 1843.283203 3.295334554394621 -0.23943864841543572 -3.380141998523605
1732022652403611136 -2336.416992 -15.658053 1824.5869750000002 2.9540550643890113 0.007733381801791055 -3.2921747225250697
1732022652436952832 -2335.544678 -15.206983 1809.886902 2.7192679221404807 0.18467349459373922 -3.1775343187214573
1732022652470294784 -2334.625977 -14.573937 1795.319519 2.4045203246167546 0.5060828074096677 -3.0984517431607688
1732022652503636480 -2333.166504 -14.14103 1775.2677 2.3690076371522233 0.7860641276560257 -2.9046429918165493
1732022652536977664 -2331.931152 -14.22593 1759.735718 2.4748574260584215 0.9728263559479295 -2.7738513082046117
1732022652570318336 -2331.130615 -13.918261 1744.202393 2.602004174189351 1.067384153149582 -2.7411267694547212
1732022652603660032 -2330.131348 -13.201619 1723.567749 2.5722937317582306 1.1491400094160715 -2.73288759806371
1732022652637001728 -2329.552246 -12.389613 1707.926453 2.6821559778205146 0.9468996584043674 -2.684005868405753
1732022652670343680 -2327.043945 -11.463972 1693.005341 2.2308349778522487 1.2734667506246957 -2.071974885648233
1732022652703685120 -2326.660645 -11.26968 1672.115051 2.255976854214674 1.3650233703298114 -2.4824577999749047
1732022652737026816 -2325.907715 -10.748836 1657.074036 2.1250971103051874 1.2886846484170835 -2.3559338375603387
1732022652770368256 -2325.29541 -10.136639 1642.09845 2.200318335230162 1.2863364206235977 -2.2962398916999938
1732022652803709952 -2324.827637 -9.411931 1622.374054 2.5088109720060783 0.9510506273254007 -2.2489507521784824
1732022652837051904 -2324.231934 -8.657914 1602.642883 2.6379502395447685 0.9060347156154771 -2.2861375625656075
1732022652870393088 -2323.939453 -8.280444 1593.016327 2.566331550016468 0.8646737099587741 -2.296760775959339
1732022652903735040 -2323.239258 -7.772797 1574.047791 2.073568662851606 0.9116749545173828 -2.3246249139948283
1732022652937076736 -2322.687012 -6.875835 1560.468292 1.814848222318443 1.0784138591136383 -2.328224860089304
1732022652970417920 -2322.04126 -6.375084 1546.7677 1.65833102440263 1.1535727081601883 -2.302960045169384
1732022653003759104 -2321.447754 -5.43209 1529.171356 1.5434592139278123 1.2655422804350693 -2.3214626532491023
1732022653037100288 -2321.150391 -4.767711 1516.14032 1.6260262193013955 1.1894725216560182 -2.340429659997052
1732022653070442496 -2320.931396 -4.151718 1503.507111 1.6360603945992558 1.1565997417056484 -2.3740568492416863
1732022653103783936 -2320.695557 -3.991066 1486.504944 1.8599537976981226 1.225751413917913 -2.5071589583635667
1732022653137125120 -2320.330078 -3.554382 1474.255249 1.9753678015024765 1.208055313788596 -2.5402149834458183
1732022653170467328 -2319.704834 -2.687214 1461.977386 2.2744950161603787 1.0695475094353588 -2.4936335888776977
1732022653203808768 -2318.96875 -1.289322 1447.966766 1.615231974656143 1.3880630314648228 -2.640286023133102
1732022653237150464 -2318.619141 -0.555424 1437.222504 1.5566096317002707 1.4563408031333172 -2.771155406483716
1732022653270491904 -2318.41626 0.259003 1426.520279 1.7917697011231777 1.327305134926978 -2.947151336819314
1732022653303833600 -2318.013428 1.596611 1413.747742 1.6266268407690505 1.293693861191329 -3.1162444455310996
1732022653337175296 -2317.5271 2.666932 1404.552048 1.5625131402468269 1.1880058632281014 -3.236546170148637
1732022653370516736 -2317.287109 3.973379 1396.602722 1.2695734326549333 1.3597565033824903 -3.4009944771998084
1732022653403858432 -2316.800781 5.175428 1386.725342 1.1847960257675096 1.3212306661473037 -3.469664435219367
1732022653437199872 -2316.364502 5.700542 1380.140244 1.1118562964695184 1.4710549169078524 -3.4905635114622715
1732022653470540288 -2316.162842 6.110704 1373.400375 1.3554466088541828 1.1762595390711512 -3.396715939294346
1732022653503882240 -2315.813965 6.688099 1366.002945 1.0364847740605925 1.0549739504400468 -3.313908792197518
1732022653537223936 -2315.52002 6.926114 1361.407745 0.560403506733947 1.04079283395542 -3.217891071200084
1732022653570565120 -2315.313232 6.689885 1357.020462 0.33735828199581036 0.9661588373328144 -3.178558279670484
1732022653603907072 -2315.280518 6.068408 1352.127731 0.449505828102388 0.7394917365262025 -3.038642789018435
1732022653637248512 -2315.140137 5.217076 1348.949829 0.415238023491766 0.7435618139708126 -2.9497650868205456
1732022653670590208 -2315.155762 4.673562 1346.521362 0.3959790612994618 0.7916707000031803 -2.854526314983708
1732022653703931904 -2315.832031 3.880661 1344.373795 0.8026930383062879 0.21439735161270596 -2.7380804038591373
1732022653737273088 -2316.602295 3.65059 1343.55455 0.8312148638336798 -0.041554833049543535 -2.7236790073156416
1732022653770615040 -2317.372803 3.48015 1342.748856 0.7546738327911755 -0.27008301432848125 -2.662592643321573
1732022653803956480 -2318.229736 3.447468 1341.323639 0.598950339282013 -0.4166048068613869 -2.5635107633895706
1732022653837297920 -2318.693115 3.601512 1340.36116 0.464096041480074 -0.734046294069581 -2.537708166235623
1732022653870640128 -2319.199219 3.673637 1340.311356 0.43714223213690445 -0.9390212277362789 -2.6641388678552835
1732022653903980288 -2318.921875 4.243137 1340.892349 0.18485109775734548 -0.4723717224339205 -2.7509513606185543
1732022653937322240 -2319.125977 2.841279 1341.004562 -0.3080832296462298 -0.16511235487803466 -2.334941282328253
1732022653970663424 -2319.074463 2.773343 1340.971848 -0.3041333578606203 -0.17405672715130846 -2.3443572557054244
1732022654004005120 -2319.014893 3.347359 1341.2341920000001 -0.11887533638155928 -0.0071770512204614246 -2.469864239867053
1732022654037347072 -2319.006592 2.862681 1340.774475 -0.27300359669674884 -0.13520826677711506 -2.341366244311798
1732022654070688512 -2318.691895 3.50928 1340.278412 0.07762683918063779 -0.5446526766314597 -2.4562156244959037
1732022654104030208 -2318.343262 3.505948 1340.365051 0.08657135743934984 -0.49343645972760863 -2.366259897124642
1732022654137371904 -2318.433594 3.958259 1340.511108 0.08045289390316895 -0.4425431257069481 -2.478275813254715
1732022654170713088 -2318.272217 3.020901 1339.911209 0.36541187281028914 -0.8610701083730669 -2.1770715172757735
1732022654204055040 -2318.301514 3.090331 1339.933945 0.3563554979469794 -0.8809160307355368 -2.172740688245193
1732022654237396224 -2318.307617 3.103623 1339.955017 0.3637546451610038 -0.866573911498483 -2.1678172219368266
1732022654270737920 -2318.318848 3.095217 1339.964096 0.3840420049851647 -0.8866493166081653 -2.1698812709224016
1732022654304079104 -2318.292236 3.306045 1340.014664 0.3337266903856361 -0.8956107162901907 -2.164439976646882
1732022654337420032 -2318.280518 3.814899 1340.463638 0.026600416404259683 -0.5983437781261388 -2.333100597294267
1732022654370761472 -2318.405762 4.022667 1340.6388239999999 0.06985992285398304 -0.561745463595915 -2.346974245621958
1732022654404102912 -2318.516602 4.199858 1340.6873170000001 0.13974895351622724 -0.5719326886965947 -2.308396527317589
1732022654437444352 -2318.503174 4.237619 1340.677582 0.13796446334923024 -0.5745718117337087 -2.313380283696413
1732022654470785536 -2318.567383 4.45852 1340.726898 0.09870485713546912 -0.5019732238087599 -2.4259627878622037
1732022654504127488 -2318.563965 4.473964 1340.708649 0.09592236528349035 -0.5260375347561841 -2.4020037077051475
1732022654537468672 -2318.537109 4.456553 1340.708694 0.1034410775682544 -0.5172780634320344 -2.4066737778928244
1732022654570810368 -2318.558594 4.470088 1340.736816 0.09166371004124385 -0.5272463740862247 -2.399089224302968
1732022654604152064 -2318.549316 4.493655 1340.745224 0.09149192595516036 -0.5324081074345037 -2.4005267810879958
1732022654637493248 -2318.54248 4.482756 1340.733444 0.08377243598998159 -0.5211018973557902 -2.4063579968723934
1732022654670834688 -2318.591797 4.312247 1340.625641 0.09442092449442152 -0.4888167336222344 -2.4343320365107988
1732022654704176128 -2318.519287 4.158756 1340.491333 0.04600131657780067 -0.5472333126527406 -2.4003518243225255
1732022654737517824 -2318.555176 4.156528 1340.47522 0.02919505551104292 -0.5800883220731132 -2.3924588720510416
1732022654770859520 -2318.259521 2.189096 1339.278168 0.9654160206008524 -1.4590749623151518 -1.818317625383119
1732022654804199680 -2318.208008 2.214628 1339.293152 0.9358696275912128 -1.4700228011170529 -1.8228434038296735
1732022654837541120 -2318.318359 2.420846 1339.481964 0.9999875201410473 -1.4162119618921174 -1.843633387696449
1732022654870882816 -2318.599365 4.156014 1340.490021 -0.01969174458302684 -0.4548088616283836 -2.4256138279041903
1732022654904224512 -2318.607422 4.18886 1340.5323329999999 -0.017584909961368463 -0.4735654358110612 -2.423213455753663
1732022654937565696 -2318.603027 4.119344 1340.46283 -0.0418117914861444 -0.4816437384906925 -2.421535331158071
1732022654970907136 -2318.617432 4.197177 1340.505234 -0.05232738034081543 -0.48957293775534766 -2.4165575656477984
1732022655004248832 -2318.599365 4.151828 1340.499313 -0.018088265741648762 -0.5058748303269555 -2.4140942665444736
1732022655037590272 -2318.573975 4.003156 1340.429993 -0.04452350077806365 -0.4795875214490686 -2.43462858532939
1732022655070931712 -2318.587402 3.973224 1340.425537 -0.06424423489141351 -0.4673046187407542 -2.4278705664218267
1732022655104273408 -2318.412598 3.597239 1340.152435 -0.24352110099336652 -0.37563938360589566 -2.5063296021234653
1732022655137614848 -2318.447754 3.506379 1340.234146 -0.15790179165362925 -0.4152309192331314 -2.4258061590888924
1732022655170956288 -2318.476562 3.612454 1340.323196 -0.05867680501272756 -0.4923704412163948 -2.3723434656016598
1732022655204297984 -2318.455566 3.728887 1340.456924 0.07099199144299212 -0.5562394841426134 -2.3671608974683993
1732022655237638912 -2318.454346 3.80293 1340.490936 0.0870235011798062 -0.557084207658822 -2.3656625033033163
1732022655270980864 -2318.43457 3.800339 1340.522232 0.11818993753339319 -0.5331491712635964 -2.388093955017658
1732022655304322304 -2318.438232 3.779041 1340.502472 0.11751524747157702 -0.5305060039672543 -2.3781667748038653
1732022655337664256 -2318.41333 3.806252 1340.532806 0.11241722510996859 -0.5505286031538303 -2.3818363760848227
1732022655371006464 -2318.434814 3.837939 1340.519577 0.12148046818196233 -0.527578303498943 -2.387242112119197
1732022655404347904 -2318.428955 3.819277 1340.5203549999999 0.11727795140370378 -0.5318305308828719 -2.3767047678214106
1732022655437690112 -2318.44043 3.823463 1340.513016 0.11446671511683938 -0.5361892146011961 -2.37523440497762
1732022655471031808 -2318.450439 3.843225 1340.555679 0.10681530670077166 -0.5395022166355891 -2.373051862786875
1732022655504373504 -2318.435303 3.836366 1340.519623 0.1419932682251595 -0.5343306417550361 -2.3738138815804044
1732022655537715712 -2318.459229 3.863127 1340.568039 0.1345384592142324 -0.5518583011298381 -2.3692147412607882
1732022655571057664 -2318.442627 3.830554 1340.5410160000001 0.13327248656800278 -0.5322802346229163 -2.3689811887115204
1732022655604399104 -2318.453125 3.849221 1340.545959 0.14421828210732082 -0.5441407185020737 -2.3770213453007765
1732022655637741312 -2318.459717 3.815926 1340.553497 0.12448342928618474 -0.5267277005675762 -2.371140860943556
1732022655671082240 -2318.462158 3.829782 1340.533218 0.1299518560919996 -0.5345241383130162 -2.3721512606338298
1732022655704423936 -2318.478516 3.847581 1340.547012 0.14297152793893317 -0.5306140317412263 -2.372722787996814
1732022655737765888 -2318.49292 3.886515 1340.465607 0.17401813743807332 -0.5843178717024186 -2.3916561853078755
1732022655771107840 -2318.524414 3.891558 1340.5586700000001 0.13727384305868787 -0.5454624138669417 -2.345707197015305
1732022655804449536 -2318.439209 3.709033 1340.477448 0.048774452067577315 -0.49823151036183894 -2.3581857169157985
1732022655837791488 -2318.449463 3.836715 1340.514725 0.11947149237788184 -0.5321089236117261 -2.36650746680159
1732022655871133440 -2318.459717 3.861647 1340.519913 0.1356304901462814 -0.5352627425208054 -2.3757913079233943
1732022655904475648 -2318.481201 3.952897 1340.53714 0.17036718614304705 -0.5911898084091995 -2.3894991320623196
1732022655937817600 -2318.459473 4.04976 1340.62001 0.2550165639151758 -0.5306292179484242 -2.465667393165535
1732022655971159552 -2318.491455 3.838859 1340.561996 0.1455777047986553 -0.5420268570889424 -2.3708024387905877
1732022656004501504 -2318.427734 3.834881 1340.585968 0.11988991904064947 -0.5138210972040492 -2.358803023320529
1732022656037843200 -2318.445068 3.835558 1340.597534 0.11887944789143719 -0.5078514634064814 -2.359020307812557
1732022656071185408 -2318.471924 3.861948 1340.577988 0.15292512631288158 -0.5468052691090511 -2.3702425422970133
1732022656104527104 -2318.481201 3.939897 1340.609131 0.14131147084769677 -0.5468525028079092 -2.362846636070585
1732022656137868288 -2318.303711 3.945122 1340.675156 0.1479444880407505 -0.4694216021414769 -2.460771877621979
1732022656171210240 -2318.38501 3.759567 1340.4684750000001 0.07615836665807471 -0.5325920658044548 -2.3874659112822947
1732022656204551424 -2318.388428 3.730629 1340.475647 0.07545415047414512 -0.5279870306374154 -2.398469008976909
1732022656237893120 -2318.392578 3.715209 1340.454987 0.07007788310181105 -0.5260938281619005 -2.397238643539922
1732022656271234816 -2318.398682 3.71435 1340.441833 0.07470866796075491 -0.524504552758067 -2.4017895301170986
1732022656304576000 -2318.384033 3.732312 1340.463806 0.07660726448970229 -0.5234616130695494 -2.401826171629608
1732022656337917440 -2318.387207 3.726979 1340.485245 0.08108908912009657 -0.5360993797654163 -2.3904176405168385
1732022656371258624 -2318.367188 3.726186 1340.430359 0.06900886134420971 -0.5219036196617042 -2.395739692850282
1732022656404600320 -2318.388916 3.721593 1340.476562 0.07814905640011162 -0.519503482063391 -2.3998794164989223
1732022656437941504 -2318.385742 3.734456 1340.472748 0.08553735869546891 -0.5156818154032328 -2.3971866535045323
1732022656471283200 -2318.373779 3.707335 1340.483124 0.07441337388854682 -0.5106994568251904 -2.3940924259506526
1732022656504624640 -2318.479004 3.850629 1340.548538 0.1573016445476457 -0.5446276783316472 -2.3659022993153793
1732022656537966080 -2318.474854 3.865322 1340.573792 0.1384999513192649 -0.5539107939736653 -2.3559327202699794
1732022656571306496 -2318.481445 3.847542 1340.5450289999999 0.16473194552513212 -0.5582646494940581 -2.362519385226833
1732022656604647680 -2318.488525 3.917738 1340.557434 0.14617057581149126 -0.5637236958459687 -2.359339508412722
1732022656637989120 -2318.480957 3.863823 1340.546188 0.1440958288266363 -0.5482559967673769 -2.363665030616142
1732022656671330816 -2318.386963 3.7718 1340.468277 0.06444567702038678 -0.5346111457941393 -2.3927746619215706
1732022656704672000 -2318.383545 3.702809 1340.4741060000001 0.07630344985172527 -0.5189433582609101 -2.39367780870055
1732022656738013440 -2318.396484 3.740559 1340.460052 0.06915017344856775 -0.5302704253828956 -2.3946579398826557
1732022656771354880 -2318.40332 3.731928 1340.502228 0.07609324148672025 -0.5085139458820945 -2.3954162909285706
1732022656804696320 -2318.300537 3.916788 1340.629883 0.14388065543627654 -0.4440469581644803 -2.469807991437839
1732022656838038016 -2318.48291 3.891549 1340.556366 0.1405036294074683 -0.5377173434094737 -2.3712589939727002
1732022656871379200 -2318.481445 3.892953 1340.569138 0.14412724296716442 -0.5589209055801061 -2.360268230177064
1732022656904720896 -2318.510254 3.851116 1340.5783999999999 0.16059294018360157 -0.5420612013246574 -2.3700140533160226
1732022656938062080 -2318.497559 3.867524 1340.545471 0.1395816681872129 -0.5316589033149546 -2.3725364726773592
1732022656971403264 -2318.488281 3.867332 1340.55397 0.14292256382258745 -0.5392257543612813 -2.3610650577837826
1732022657004743936 -2318.475586 3.884499 1340.578674 0.1365332542694292 -0.5521187724100141 -2.35397061905001
1732022657038085120 -2318.461914 3.897218 1340.553436 0.1442007897794562 -0.546096429167891 -2.3709162340082734
1732022657071426816 -2318.48584 3.898828 1340.593201 0.1296052155263098 -0.5429987951121589 -2.358856246071582
1732022657104768000 -2318.493408 3.905637 1340.557251 0.127561518828 -0.549978879143334 -2.3569354668059774
1732022657138109440 -2318.473145 3.924649 1340.55629 0.1333835031424785 -0.5461566933975811 -2.362176542054385
1732022657171450880 -2318.481201 3.923497 1340.558212 0.1327638573417984 -0.5487804747168077 -2.3591661671431674
1732022657204792320 -2318.485107 3.915329 1340.562759 0.1378546564624156 -0.5569257629494541 -2.3636467815901963
1732022657238134272 -2318.47876 3.880596 1340.591995 0.1369397317384245 -0.55860771164802 -2.3628702417508256
1732022657271475712 -2318.487305 3.850188 1340.555664 0.15232348282304958 -0.5537250133372366 -2.370307351975826
1732022657304817664 -2318.36084 3.717676 1340.476791 0.06221136142064235 -0.529296164440219 -2.398437950509227
1732022657338159104 -2318.454346 3.828442 1340.576294 0.15327134070845166 -0.5397751016739547 -2.3711801943485282
1732022657371501056 -2318.43457 3.825978 1340.554703 0.14901019372753557 -0.5500384734964795 -2.370658386791025
1732022657404842496 -2318.456543 3.846648 1340.545486 0.1332759339717959 -0.5392959786375444 -2.375355866086432
1732022657438183936 -2318.446533 3.843488 1340.536957 0.148761893047086 -0.5448201329601292 -2.3772449372971223
1732022657471525120 -2318.373535 4.026053 1340.725983 0.2023809036795478 -0.47173708343191034 -2.4507659459490743
1732022657504866816 -2318.44751 3.889617 1340.569626 0.1319693807593977 -0.5523986862117027 -2.369059155965127
1732022657538208512 -2318.464355 3.815792 1340.554535 0.1499066061424817 -0.5512499225944438 -2.3730164240310927
1732022657571550208 -2318.455566 3.806536 1340.53511 0.13482015911713935 -0.5526822767291709 -2.3705933847038354
1732022657604891904 -2318.481445 3.845936 1340.586716 0.13115476395945216 -0.5517098120905747 -2.3577001464486846
1732022657638233088 -2318.467529 3.833061 1340.572083 0.14027047668989318 -0.5459197008171834 -2.370896694582878
1732022657671575296 -2318.490723 3.868671 1340.545242 0.12898474159193357 -0.5476491231759318 -2.3648519955313607
1732022657704916736 -2318.479248 3.884575 1340.550827 0.14295883491164033 -0.5454045163773638 -2.37191274525895
1732022657738258688 -2318.481689 3.882748 1340.567368 0.1333705477261879 -0.5563073730958129 -2.3577459930662936
1732022657771600384 -2318.470703 3.875692 1340.55954 0.14742637663718702 -0.5493466833450746 -2.377989868974788
1732022657804942080 -2318.473877 3.882737 1340.554321 0.1429619099288558 -0.5431706258769874 -2.370246577212697
1732022657838283520 -2318.484131 3.873076 1340.577866 0.14685339232886752 -0.5450140466520286 -2.3669417821807417
1732022657871625472 -2318.478271 3.882397 1340.556168 0.14377694193359816 -0.5469965286448113 -2.368306545082989
1732022657904966400 -2318.386719 3.718048 1340.450226 0.07404631156699677 -0.5149744072402875 -2.4009178836494565
1732022657938308096 -2318.396729 3.7262 1340.463348 0.07410711082956509 -0.5187555169263736 -2.403158186437046
1732022657971649536 -2318.378418 3.711006 1340.458313 0.07454455461519274 -0.5110109091045018 -2.39632959068319
1732022658004991488 -2318.375977 3.744646 1340.469055 0.08255178761121336 -0.523482246737657 -2.3980394910867973
1732022658038332928 -2318.358887 3.766071 1340.523483 0.08702709264864748 -0.536405600500518 -2.3901591679821355
1732022658071674880 -2318.381592 3.75291 1340.477768 0.06899235779272458 -0.5240278832558873 -2.388716631834187
1732022658105016832 -2318.377197 3.766004 1340.499802 0.06703159399366009 -0.5284291214490626 -2.378732216836762
1732022658138358272 -2318.380859 3.704616 1340.445816 0.07013305235234484 -0.5134499387400709 -2.404598622224028
1732022658171699968 -2318.375244 3.771314 1340.467773 0.0751625584011047 -0.5304036129972304 -2.3926786579928665
1732022658205041664 -2318.386963 3.726243 1340.460648 0.07391667947828974 -0.5119945044817754 -2.405101660906525
1732022658238383104 -2318.382324 3.735973 1340.452209 0.06457274483711557 -0.512880104514065 -2.400874128972457
1732022658271724800 -2318.36084 3.709956 1340.444565 0.07663056084318762 -0.5077534679620476 -2.4037907164227463
1732022658305065984 -2318.440674 3.870627 1340.569 0.1501090225431029 -0.5387045846911704 -2.361758880173093
1732022658338406912 -2318.397705 3.867038 1340.593735 0.1129369722721535 -0.52403875270154 -2.340547368997339
1732022658371748096 -2318.400146 3.879343 1340.563232 0.09564376855499224 -0.5329031289154083 -2.342369412831274
1732022658405089536 -2318.383545 3.885534 1340.585205 0.12153454183720194 -0.5164034643671732 -2.349523371839696
1732022658438431488 -2318.395508 3.900415 1340.577194 0.11731510518254401 -0.5423225469381321 -2.338869536846101
1732022658471772672 -2318.391602 3.78281 1340.490906 0.10692752835570407 -0.5413359017715658 -2.370587955092513
1732022658505114624 -2318.406982 3.892184 1340.554657 0.042724966360252775 -0.6512750698206952 -2.2877714231002457
1732022658538456320 -2318.460938 3.917016 1340.452759 0.09039319668074437 -0.6283190865119966 -2.3252936217228615
1732022658571797504 -2318.415039 3.838509 1340.537552 0.1063432530528102 -0.5290258828468979 -2.367532287916137
1732022658605139200 -2318.422363 3.795336 1340.516312 0.10334478679403131 -0.5161161741244319 -2.390843935215052
1732022658638480640 -2318.463867 3.843413 1340.469681 0.13397762998925797 -0.5528922350800906 -2.4085531582199287
1732022658671822336 -2318.49707 3.87565 1340.483612 0.15460361499190786 -0.5644319137737849 -2.4153243719994943
1732022658705164032 -2318.475342 3.847409 1340.516098 0.15044121642514438 -0.528654757315426 -2.3975292091873226
1732022658738505472 -2318.403809 3.805258 1340.483032 0.11069321213404697 -0.5291190927429975 -2.390348259775778
1732022658771846912 -2318.416992 3.801604 1340.510925 0.11418867846644017 -0.5282168461704279 -2.387983283947047
1732022658805187584 -2318.4104 3.784293 1340.489151 0.11522128229555756 -0.5277060126483847 -2.390453095149669
1732022658838529024 -2318.422363 3.753215 1340.4575810000001 0.09380026326904875 -0.5209855120236894 -2.3935874250511775
1732022658871870720 -2318.463623 3.825041 1340.426559 0.12519264028571686 -0.5763540578125735 -2.404440854438433
1732022658905211904 -2318.470703 3.80015 1340.423904 0.13882685943440667 -0.5647164901547472 -2.4057546686682283
1732022658938553856 -2318.487793 3.803058 1340.37352 0.1304812514044228 -0.5694653389448543 -2.4191111255014577
1732022658971895296 -2318.517578 3.874723 1340.48912 0.17883324313342694 -0.5709468974766332 -2.412933408129786
1732022659005236736 -2318.520508 3.91276 1340.50705 0.15689852141229985 -0.5761164077854681 -2.406694959854795
1732022659038578432 -2318.528809 3.909722 1340.496628 0.18027636026793808 -0.5655908946628395 -2.408859241058252
1732022659071919872 -2318.55127 3.923626 1340.479279 0.17604705382547725 -0.5768127994565322 -2.421244507331786
1732022659105261568 -2318.518555 3.896298 1340.46962 0.1619904612977823 -0.5921114197711489 -2.411793170239216
1732022659138603008 -2318.512695 3.878048 1340.476105 0.16345854381617736 -0.5990800786771412 -2.4069093563419064
1732022659171944448 -2318.491211 3.861746 1340.436035 0.16079922320798334 -0.5759468814954651 -2.407946827653768
1732022659205285888 -2318.519043 3.893971 1340.476532 0.17155780271303966 -0.5697600289056903 -2.4074180639205527
1732022659238626304 -2318.513184 3.874245 1340.464188 0.16178560761176375 -0.5578931904020666 -2.4117938627354176
1732022659271968000 -2318.510254 3.880596 1340.468964 0.16262082666068545 -0.5677072156037151 -2.4113839356828652
1732022659305309440 -2318.525146 3.899652 1340.46347 0.18422604717620003 -0.5752683171114602 -2.418445160907464
1732022659338651136 -2318.538574 3.967094 1340.486847 0.1686339493694181 -0.5807638946891707 -2.4125258105596536
1732022659371993088 -2318.531494 3.923061 1340.4724429999999 0.17855180859801023 -0.5719892156953637 -2.409607973029931
