1732022801875333888 -2317.5979 -3.359665 1354.435242 -2.198132102408629 -0.42680241666158125 -2.3464822815507134
1732022801908676096 -2317.493652 -5.999157 1360.860123 -1.3494602758039502 -0.6966791309639372 -2.6045003065811527
1732022801942019072 -2317.385498 -6.66902 1362.931076 -1.1329055895443363 -0.7596884598129979 -2.662527181659505
1732022801975362304 -2316.746826 -8.933194 1372.832962 -1.377132644947711 -0.35386863281490766 -2.779008836479634
1732022802008705536 -2316.481934 -10.180255 1380.849197 -1.275048861137544 -0.5090579370870093 -3.0638598883044135
1732022802042049280 -2315.82251 -12.645066 1393.788147 -1.578710698921481 -0.14006791912638794 -3.4168993974030455
1732022802075393280 -2315.281738 -14.357661 1405.328232 -2.074076023243925 0.3168438404145565 -3.385726753241955
1732022802108737024 -2315.029785 -16.091385 1416.985901 -2.207243908487398 0.2523641296309803 -3.3921108038708137
1732022802142081024 -2315.137451 -17.994558 1433.902069 -1.9751940269051658 -0.07260015616030786 -3.401893211577911
1732022802175425536 -2314.930664 -19.013121 1447.74855 -2.101678961041899 -0.19827042818278906 -3.2997226308311283
1732022802208770048 -2314.333008 -20.075357 1461.993378 -2.0247206256962436 -0.2861441278825487 -3.248603618155867
1732022802242114816 -2313.608887 -20.298763 1482.393494 -1.7608371372054015 -0.3664225544947502 -2.952960661966876
1732022802275459840 -2312.753906 -19.560213 1498.346771 -1.9826369482960378 -0.6808546015044415 -2.6114372989637173
1732022802308804864 -2312.15625 -19.057913 1514.667938 -1.7270508979091455 -0.6487649057016043 -2.601366766553904
1732022802342149120 -2310.496826 -19.034674 1537.050049 -1.8153600876524776 -0.3419209640620905 -2.377416792420287
1732022802375494400 -2309.876221 -18.460518 1553.295227 -1.0421012162042504 -0.698981111300011 -2.366650960358034
1732022802408839936 -2309.327881 -17.915194 1569.609528 -0.5218379093095522 -0.7940857599177388 -2.345585609298271
1732022802442186240 -2308.471436 -17.594284 1585.714264 -0.1701759390947952 -0.6868279237148385 -2.272414479733136
1732022802475532032 -2307.607422 -16.89263 1606.741699 0.11395499963041657 -0.6700857210519892 -2.2157491934068316
1732022802508878336 -2306.956543 -16.208429 1621.9245 0.25322580237343734 -0.6876285722683927 -2.114953011731083
1732022802542224640 -2306.525146 -15.873938 1641.5291439999999 0.45191571092327915 -0.5722238207093137 -2.122483706698936
1732022802575570688 -2306.147217 -15.589896 1655.637909 0.5929928190191754 -0.5871886801173092 -2.116067745805071
1732022802608918016 -2305.970459 -15.780331 1669.0878910000001 0.6382521124649999 -0.495285290630972 -2.1829529440225994
1732022802642264832 -2305.790771 -16.349346 1685.9868159999999 0.6518942311027824 -0.4868565044193759 -2.276633691062167
1732022802675611904 -2305.611816 -16.927397 1697.9650570000001 0.5957916577823088 -0.49248144822503326 -2.325385669891939
1732022802708959232 -2305.409668 -17.663689 1709.462433 0.537870083099958 -0.5178402293244572 -2.3200592451865463
1732022802742307072 -2305.308105 -18.595798 1724.177185 0.2604165970421421 -0.6137811954311561 -2.254722119229545
1732022802775653632 -2305.306152 -19.450575 1734.775024 0.09657004950372683 -0.6083212828944641 -2.2055187486040433
1732022802809001472 -2305.169922 -20.63179 1744.949951 -0.14520430168770268 -0.576405271035558 -2.1265489671886733
1732022802842349312 -2304.716797 -22.224586 1758.048462 -0.5385570609985363 -0.4089216773891119 -2.025180671400859
1732022802875697664 -2304.483887 -23.646873 1767.5736689999999 -0.6759974393673608 -0.2601013876474946 -1.953912860545728
1732022802909053440 -2304.37793 -25.108904 1777.033203 -0.856078171802179 -0.014891826058916782 -1.9125975961347979
1732022802942409472 -2304.337646 -27.283962 1789.4072270000001 -1.1325688499818602 0.22884976428311898 -1.7899322816616563
1732022802975766272 -2304.374023 -28.714163 1798.548706 -1.3011084494159313 0.42793345035457747 -1.687344976787409
1732022803009123328 -2304.270264 -29.858427 1807.583923 -1.4113979922229978 0.48399001234362743 -1.5926670073700888
1732022803042480640 -2304.063477 -31.60055 1819.392395 -1.6090557478190168 0.6873391787517734 -1.3859200839100716
1732022803075838720 -2303.936768 -32.910278 1828.065613 -1.7671788319884933 0.7697941264595056 -1.3284164015744453
1732022803109197568 -2303.957031 -33.719082 1836.7857060000001 -1.7079939589242954 0.79654787058135 -1.1129484234227924
1732022803142556672 -2303.760986 -34.786366 1847.77478 -1.705170777130322 0.8447888965032404 -1.0560157908186198
1732022803175916032 -2303.539551 -35.251305 1855.7020260000002 -1.5785618715821752 0.9361361003044086 -0.9328843018032437
1732022803209275904 -2303.166748 -35.459183 1863.508484 -1.5972914637521687 0.9959878741504028 -0.8072119104740977
1732022803242635520 -2302.392822 -35.66679 1872.9689329999999 -1.5318699383832846 1.0725600843337992 -0.6508775903723453
1732022803275996672 -2301.935303 -35.571671 1879.547546 -1.5758182418589615 1.0756821309404174 -0.5055595079619153
1732022803309358080 -2301.542236 -34.98859 1885.844482 -1.7231927439019579 0.9406572391653409 -0.37367097059205123
1732022803342720000 -2301.047119 -34.299934 1893.628784 -2.0268528898416904 0.8173473285503248 -0.3001545458813087
1732022803376082688 -2300.813232 -33.854328 1898.779358 -2.133807546987834 0.6484772188700164 -0.24822547174977588
1732022803409445120 -2300.561768 -33.288372 1904.106445 -2.175280553286084 0.4885136775517503 -0.1736613104884923
1732022803442808832 -2299.952393 -32.460953 1911.102417 -2.2042304354829594 0.25449983466009074 -0.13795821047881515
1732022803476172800 -2299.521973 -32.063183 1916.295105 -2.0910685448877313 0.08120054311662618 -0.1499849436353324
1732022803509537024 -2299.079346 -32.180931 1921.418701 -2.0002771412833202 0.0900474127571093 -0.2638385301908569
1732022803542902016 -2298.011475 -31.71022 1928.4624019999999 -1.8673883040541213 0.09961313007769222 -0.3601063163916702
1732022803576267264 -2297.355957 -31.520588 1934.1225590000001 -1.9595226717672742 0.23112651067559523 -0.4753555810394631
1732022803609633280 -2296.469238 -32.029327 1939.6015619999998 -1.904970369466405 0.4245300169179282 -0.8016052899117101
1732022803642999296 -2295.94873 -31.906975 1947.364685 -1.8474240503803365 0.27614180649789766 -0.933131764841552
1732022803676365056 -2295.553467 -31.816397 1952.3451539999999 -1.4235482197226248 0.20105346760572546 -0.9259474509598575
1732022803709732352 -2295.229492 -31.756264 1956.398621 -0.8700851759231466 0.09640996479070953 -0.9360672040008826
1732022803743099904 -2294.657715 -31.437399 1959.9955439999999 -0.2920154491644813 0.021872480517930427 -0.973220256431935
1732022803776468224 -2294.441406 -30.867416 1961.346863 0.08725849415011892 -0.03301663226961771 -0.9625539971947303
1732022803809836800 -2294.190186 -30.213514 1961.222595 0.30527483238965497 -0.04229118820175147 -0.9557426290430787
1732022803843205888 -2293.782959 -29.093651 1958.433899 0.46762947081856426 -0.10050272298524972 -0.9484287121371113
1732022803876575488 -2293.504395 -28.136772 1954.549927 0.6055101385104362 -0.1467142657647955 -0.9281753046552932
1732022803909917440 -2293.095459 -27.371473 1949.22876 0.6417739343446328 -0.17159947652644142 -0.9034946392792029
1732022803943259136 -2292.529053 -26.228497 1939.985535 0.7649828317191733 -0.05145458520939835 -0.8156979044213316
1732022803976601088 -2292.326172 -24.839064 1932.146301 0.6665536542504906 -0.31570612076967997 -0.5192743898314919
1732022804009943040 -2292.310059 -24.172899 1922.769531 0.7329057114365679 -0.3386804516791971 -0.5403800876920185
1732022804043284736 -2292.335449 -23.8309 1908.20105 1.0318996446789552 -0.28011612447479467 -0.4839406134921678
1732022804076626432 -2292.513672 -23.815006 1895.7189329999999 1.3303905956403057 -0.24435668009515332 -0.537259817095634
1732022804109967104 -2292.691406 -23.943096 1882.899414 1.522374800307389 -0.27799306929568457 -0.466102464684036
1732022804143309312 -2292.659424 -23.641233 1866.1633299999999 1.4675884552855314 -0.3294356999213971 -0.30997515588705765
1732022804176651264 -2292.598389 -24.145462 1853.801025 0.9981210263538602 -0.24907935092569336 -0.13218429811439236
1732022804209992704 -2292.562012 -24.805237 1841.552246 0.43906869692714284 -0.17160243035897185 -0.2322802524262046
1732022804243334912 -2292.584473 -25.852062 1826.0982060000001 -0.1640435770897035 0.07127957771522928 -0.23793808502287805
1732022804276676864 -2292.365479 -27.000605 1814.6051029999999 -0.5586044109583064 0.28928353189556794 -0.24346420848678305
1732022804310018816 -2292.278564 -28.311842 1803.414673 -0.8864411163307293 0.5112576860584201 -0.2671938089500504
1732022804343360768 -2292.237061 -29.968243 1788.722839 -1.0218287438160594 0.6676903949180475 -0.3302294627987884
1732022804376702464 -2292.2146 -31.19404 1777.977173 -0.9901009141180133 0.7731001873018054 -0.3374614458552285
1732022804410044416 -2292.253906 -32.362968 1767.378723 -0.9513082246929431 0.7762086548122881 -0.2693769621389417
1732022804443386368 -2292.287109 -33.779907 1753.1373899999999 -0.8152793907875489 0.6476792232671205 -0.130382828658916
1732022804476728320 -2292.183838 -34.794258 1742.4899289999998 -0.729712356092448 0.5919911668785887 -0.05766015045476363
1732022804510070016 -2292.015869 -35.439449 1732.0320430000002 -0.7545314405203857 0.579943445915833 0.024458675544614148
1732022804543412224 -2291.833984 -35.921139 1717.9576419999999 -0.8561364398888994 0.5278394941649918 0.06816862208002158
1732022804576752896 -2291.814697 -36.142967 1707.210144 -0.8440857995279261 0.5128023001349427 -0.03514919055438069
1732022804610095104 -2291.896484 -36.080002 1696.342377 -0.8584967637120424 0.346865960734669 -0.04531550571714901
1732022804643437056 -2291.92334 -35.814327 1681.666412 -0.5159017943626288 0.19971538335007322 -0.13225291211762397
1732022804676778752 -2291.571533 -35.792992 1670.547272 -0.329401924648116 0.1017057956280358 -0.16779833826869928
1732022804710120704 -2291.549805 -35.087498 1659.669495 0.04848334082524702 -0.1673988342407338 -0.04673836416245161
1732022804743462912 -2291.126709 -34.251831 1645.528839 0.3608535710792852 -0.1371161393024935 -0.02544168101586643
1732022804776804608 -2290.948242 -33.13224 1635.213776 0.6396605558419752 -0.19555954539421144 0.036381078252394713
1732022804810146816 -2290.581543 -32.32933 1624.678375 0.6281093257891808 -0.10398882850436782 -0.05339834121939245
1732022804843488768 -2290.276611 -30.735113 1610.950439 0.8959619144209573 -0.1426643622761228 -0.038044915954325055
1732022804876830464 -2290.096191 -29.6672 1600.473145 0.9175147982029987 -0.07539889105499287 -0.08320093955534132
1732022804910172416 -2290.025635 -28.541122 1589.746521 1.0068426489723992 -0.07987663013135445 -0.18586785289504137
1732022804943513856 -2289.887207 -27.513803 1575.37149 0.9419840384930964 -0.036611603526338306 -0.2513029258070826
1732022804976855552 -2289.9729 -26.60161 1564.284271 1.020152732584324 -0.06610668435569424 -0.3399803922583368
1732022805010196224 -2290.162598 -25.99378 1552.849762 1.1722913269780544 -0.06630475415098888 -0.36629495074160034
1732022805043537920 -2290.413818 -24.903887 1537.750916 1.1320897299078565 -0.17703381020441072 -0.28711167726134107
1732022805076879616 -2291.041016 -24.202084 1526.3238529999999 1.0352677689208176 -0.23778259735663426 -0.18565410564475363
1732022805110221056 -2291.597656 -23.502758 1514.851166 0.9630744195282038 -0.33001537186041613 -0.12674294555213797
1732022805143562752 -2292.593994 -22.598778 1499.718445 0.7838389369324452 -0.4890176040324227 -0.058954270472161285
1732022805176904448 -2293.51001 -21.947285 1488.293884 0.5337484688860232 -0.6317531153236907 0.0025866779603133183
1732022805210245888 -2293.955322 -21.913269 1477.1190490000001 0.4090444241670929 -0.46942330180706227 -0.08375431580951183
1732022805243587840 -2294.767822 -22.262445 1462.48819 0.20090144391938028 -0.09303744921768131 -0.20264755390100134
1732022805276929280 -2295.612061 -21.233282 1452.819855 -0.24253075872808985 -0.1692290638008143 -0.0023633964689518797
1732022805310270720 -2296.593018 -21.025246 1443.400024 -0.317536978743476 0.01775112031009036 -0.014201352673479276
1732022805343612672 -2297.355713 -21.249155 1432.188339 -0.700377027397815 0.5062878193632445 0.2101157880268677
1732022805376954368 -2298.136963 -21.10787 1424.04483 -0.7556963631678644 0.57475694929642 0.31903783072082637
1732022805410296064 -2299.302979 -21.106621 1416.117111 -0.353401654926304 0.39900348539212377 0.1910299780359191
1732022805443636736 -2300.659668 -20.189501 1407.319504 -0.6802376109604621 0.2114227850317699 0.5338299243958553
1732022805476977920 -2301.435059 -19.908375 1400.636383 -0.7483047482089207 0.18609118347173662 0.5587707455543937
1732022805510319872 -2302.08252 -19.362963 1395.105576 -1.0249141547046698 0.40216637137263583 0.8241742874596154
1732022805543661568 -2302.96167 -18.51613 1387.309006 -1.0393648169824545 0.383240399872529 0.8455570884825875
1732022805577003264 -2303.562744 -17.757938 1381.380524 -0.8798904292044047 0.2846645459649225 0.7225289630889098
1732022805610345216 -2303.842529 -17.411093 1376.924637 -1.104146023505167 0.7657722269159765 0.749509906515626
1732022805643686656 -2304.70166 -16.005074 1370.740463 -0.5865115592119363 0.6169581999706905 0.5121384258939794
1732022805677028352 -2305.017822 -14.947926 1367.106827 -0.6310954526526474 0.6527266489802499 0.524311891246162
1732022805710369536 -2305.131348 -14.505267 1364.167709 -0.9507195543762542 1.0048539024373975 0.4977507488367195
1732022805743711488 -2305.234619 -14.141911 1360.300873 -1.1039794138390424 1.18592355038018 0.19513840405635174
1732022805777053440 -2305.776123 -12.763397 1358.0248569999999 -0.9431793603080845 0.4925793019711505 0.16655867942945213
1732022805810394880 -2305.936768 -11.918734 1356.839676 -1.285094674393773 0.40765527975872956 0.17859974217984784
1732022805843736320 -2305.88916 -11.485741 1355.611908 -2.0138632945196995 0.6553087059487229 0.21513623180526698
1732022805877078272 -2305.760986 -11.199842 1354.541565 -2.1539845225129 0.6086770207824037 0.16598428138284513
1732022805910418688 -2305.604004 -10.817516 1352.926102 -1.7251495542960003 0.20960887362792988 0.01913733007630577
1732022805943759872 -2305.253418 -10.50986 1351.802002 -1.6505154847413421 0.058149483785488724 0.06440719680891037
1732022805977101568 -2304.861084 -10.33434 1351.515137 -2.009967569742104 0.3008746740928426 0.1963524341422022
1732022806010443008 -2304.456543 -10.380153 1350.702087 -2.106562355980903 0.4207258511517404 0.13091216163920003
1732022806043783936 -2303.920898 -10.277693 1349.525787 -2.1514568478304312 0.429607911873408 0.08197782206252638
1732022806077125632 -2303.593262 -10.155163 1348.413864 -2.0036617477079366 0.34532647055286997 -0.0009664794565988344
1732022806110467072 -2303.500732 -10.039454 1346.840515 -1.677668864569049 0.054264060016964884 -0.13549723543116723
1732022806143808256 -2303.19873 -10.42843 1345.559219 -1.730794217094992 0.21416632591273263 -0.11745203035351695
1732022806177149696 -2303.38208 -10.703253 1344.603058 -1.4423433534447152 0.036824301502026015 -0.16570231189989693
1732022806210490880 -2303.615479 -11.019509 1343.913223 -1.3477235790968523 0.02877370207555779 -0.2186374326735039
1732022806243832320 -2303.674316 -11.931538 1343.377106 -1.1563665294387528 0.2562785888701824 -0.4265956357976009
1732022806277173504 -2303.85083 -11.509475 1344.3289790000001 -1.357522144953018 0.05460022542740336 -0.33707962579409717
1732022806310515200 -2303.968018 -11.708931 1345.933304 -1.183979604853595 -0.21308513486629135 -0.46346889993242285
1732022806343855616 -2303.820557 -12.396066 1348.82843 -1.3271618615181875 0.1612278461690235 -0.5194116826776553
1732022806377197056 -2303.854248 -13.231333 1352.198135 -1.3909500512523536 0.23590661430765422 -0.6250017824082218
1732022806410538496 -2303.744141 -13.939123 1355.505981 -0.8042752240868872 -0.07609869712932936 -0.9675432968388554
1732022806443879680 -2303.359375 -14.746562 1362.856049 -1.1654670920654104 0.16283437611005655 -0.980390114214177
1732022806477221120 -2303.046631 -15.249448 1368.323318 -0.8036710604729111 -0.24459980740445625 -1.1757156085512661
1732022806510562304 -2302.515381 -15.601358 1375.914581 -1.2815456902760054 -0.047967628971862096 -1.0197679276110032
1732022806543903488 -2301.593262 -16.283108 1386.083023 -1.2189447889045772 -0.1298512310983278 -1.0229524375011156
1732022806577245184 -2301.016357 -16.561619 1394.104889 -0.6772204340831554 -0.45852620065145777 -0.982532640021445
1732022806610586368 -2299.973633 -17.189819 1402.600983 -0.28070119300208624 -0.5762787041586287 -0.8689721800556962
1732022806643927808 -2298.587402 -17.806517 1414.813568 -0.23176364014389034 -0.6106763561885264 -0.6852356086085685
1732022806677268736 -2297.684814 -17.91194 1425.088943 -0.7360503318651778 -0.4173475603774563 -0.3403984635468618
1732022806710610688 -2296.374023 -18.962166 1434.300919 -0.6303657323080599 -0.29971703291332863 -0.47160871710723123
1732022806743951872 -2295.449951 -18.752701 1447.768219 -0.7374501426204229 -0.8377755770587655 -0.15390596913822785
1732022806777292288 -2294.513672 -19.054714 1458.21637 -0.931379857485107 -0.9735529035584387 0.07925634717122998
1732022806810633728 -2293.635498 -19.771606 1468.71875 -1.2624799569959502 -1.0440881620916698 0.20285381581145653
1732022806843974912 -2292.557373 -20.936819 1483.628632 -1.1835764230407035 -0.9160226463779342 0.3713774359562759
1732022806877316352 -2291.685791 -22.123611 1494.5676270000001 -1.0407239043235377 -0.8481869717405601 0.4627566280500553
1732022806910657536 -2291.171631 -22.671652 1506.022186 -0.9666539099808374 -1.0102774574937226 0.7248166983176596
1732022806943998720 -2289.8125 -24.244432 1521.553558 -0.7606166361824133 -0.6467277957546241 0.8750303543372769
1732022806977340672 -2289.094482 -25.284389 1533.159821 -0.5337487480541707 -0.6696304197817404 0.9228931443641653
1732022807010681856 -2288.449219 -26.195511 1544.4356989999999 -0.10819089621390408 -0.9791789619811002 0.8418897058583299
1732022807044023552 -2287.437988 -27.144791 1560.210846 0.17523239799418905 -1.3066875519936354 0.8678429398319774
1732022807077364736 -2286.77124 -27.890182 1572.3826900000001 0.29884172486780425 -1.4318940002272145 0.817819820548484
1732022807110706432 -2285.999756 -28.76524 1584.662903 0.42213775582018087 -1.5946951351350436 0.7396039641389943
1732022807144047872 -2285.062988 -29.855457 1601.2170409999999 0.7070004143777348 -1.7878814362704603 0.5882897407659446
1732022807177389056 -2284.380615 -30.642511 1613.437988 0.9093763408772467 -1.9010357443575576 0.41675717354901143
1732022807210730752 -2283.713379 -31.128515 1625.4718930000001 1.0742368066144876 -2.0190167199322198 0.1560928689160484
1732022807244070912 -2282.868408 -32.267216 1641.236511 1.2762850355374624 -2.0220979120705658 -0.22417953460848014
1732022807277412608 -2282.295898 -32.915108 1652.86496 1.334799330828974 -1.944643449096567 -0.5582900351670477
1732022807310754048 -2281.780762 -33.329269 1664.53949 1.4064658728343806 -1.8830919027932262 -0.8046108562127613
1732022807344095488 -2281.19873 -33.943279 1679.997711 1.4693085823637697 -1.7781145738638318 -1.087936686112151
1732022807377437184 -2280.699463 -34.310207 1691.56311 1.5280056415500798 -1.8175431956678574 -1.224673014410528
1732022807410778368 -2280.353271 -34.666027 1703.179871 1.5907501684645424 -1.8236747706204863 -1.357559167223837
1732022807444119808 -2280.12793 -35.210087 1718.441589 1.6808053224598443 -1.7824774676262827 -1.4579429569686206
1732022807477460736 -2280.072266 -35.586926 1730.03009 1.6996968691235999 -1.8075969054189334 -1.4993672605625366
1732022807510802688 -2279.895752 -35.875771 1741.493164 1.633949081915501 -1.8121694382831484 -1.4652010161451356
1732022807544143872 -2279.780518 -36.461674 1756.4429930000001 1.4294123200525368 -1.7251930870838614 -1.4814472844913882
1732022807577485568 -2280.046143 -36.661652 1767.5923460000001 1.4104087546154418 -1.7853284187519847 -1.375332137346695
1732022807610827008 -2280.383545 -37.179607 1778.6229859999999 1.0654594585483925 -1.775709702453448 -1.3270076690723176
1732022807644168448 -2280.870361 -37.523968 1793.247253 0.8046566157563343 -1.834532462657104 -1.1347768628578683
1732022807677508864 -2281.253174 -37.952137 1803.751343 0.705454816642721 -2.015433141805828 -0.979226956621663
1732022807710850304 -2281.657471 -38.636311 1813.8816530000001 0.5810235058841193 -2.0641173315449572 -0.8123132564951553
1732022807744191488 -2282.263428 -39.52903 1826.841797 0.5710470426154288 -2.1887026262790386 -0.5584765852071292
1732022807777533184 -2282.67749 -40.116196 1836.33844 0.43720225751420977 -2.2153756843635093 -0.3990215950470874
1732022807810874368 -2283.005127 -40.704002 1845.656128 0.3762486473906042 -2.095077987931487 -0.3196809494615808
1732022807844216064 -2283.439209 -41.46632 1857.799561 0.3012160544450855 -1.8902499481118642 -0.245736597336463
1732022807877557504 -2283.924561 -42.055817 1866.6329349999999 0.2673646496616855 -1.7458661632531216 -0.23047507357117572
1732022807910898688 -2284.774658 -42.776505 1875.149719 0.3001850544989092 -1.6543681888872965 -0.27812475039974205
1732022807944240640 -2285.542725 -43.165493 1885.655884 0.6235933925098842 -1.5015593975806096 -0.3567171651267884
1732022807977582080 -2285.854736 -43.904037 1892.8429569999998 0.8182017599802336 -1.297279221476449 -0.5400394662318903
1732022808010923264 -2286.305908 -43.047096 1900.6170650000001 0.5176483188784482 -1.3797560143196004 -0.3908689742509376
1732022808044264704 -2286.95459 -42.656227 1909.736938 0.3984432918037657 -1.3280147600965435 -0.6745189474760966
1732022808077606400 -2287.033936 -42.783501 1915.7150880000002 0.3931355568700456 -1.2091937331307197 -0.8704858664731078
1732022808110946816 -2287.167725 -42.361565 1921.439026 0.46395283792165315 -1.1400356994303769 -1.0165140261804715
1732022808144288256 -2287.582031 -41.339741 1928.810425 0.5276241817534248 -1.1914536819065698 -1.0438195776099604
1732022808177629952 -2287.685791 -41.67049 1933.094971 0.830987708367086 -0.9537106477404234 -1.3965014521675918
1732022808210971136 -2287.86377 -41.517715 1937.046814 0.9587609239837943 -0.8209196674427027 -1.5118691437788656
1732022808244312832 -2288.263672 -41.150013 1941.507263 1.2036105219622948 -0.8494478632523096 -1.5980867015086127
1732022808277654528 -2288.417969 -40.990055 1944.327698 1.336166404548591 -0.9262301465486084 -1.6865052901954822
1732022808310995712 -2288.470459 -40.810955 1946.893799 1.4880873955016372 -0.9266286320807848 -1.6823179958373893
1732022808344337408 -2288.10498 -40.898247 1950.1988529999999 1.4905590904006942 -0.9221591007089245 -1.5649784678130891
1732022808377678336 -2287.976562 -40.920471 1952.927917 1.4832310376238098 -0.9294904406856462 -1.5236501157659745
1732022808411020288 -2287.64502 -41.464745 1955.288147 1.405179981593489 -0.9544509185424286 -1.4017983064083634
1732022808444361984 -2287.039307 -42.300182 1957.6308589999999 1.4221093805947578 -0.8893087411268671 -1.2232789907646553
1732022808477703424 -2286.849365 -42.72514 1958.6136470000001 1.5504400879347349 -0.840832991277148 -1.0488480443593913
1732022808511044864 -2286.820801 -43.551434 1958.22821 1.6223286100712542 -0.7466393581057601 -1.0902641832030076
1732022808544386048 -2287.448975 -44.112957 1956.1917110000002 1.8246156699551126 -0.798164867956089 -1.1673032831302321
1732022808577726720 -2288.044678 -44.255795 1953.7258299999999 1.7395873537129354 -0.874496945039753 -1.2002137562642823
1732022808611068416 -2288.556885 -44.553871 1950.6640009999999 1.5137214777070669 -0.94381299799431 -1.2117321135631445
1732022808644409600 -2289.113525 -44.819511 1944.501221 1.5538296247014638 -0.8703027668780757 -1.2297518903645637
1732022808677751296 -2289.651855 -44.027199 1938.89978 1.745761086371537 -0.9779567331931435 -1.0596069183972219
1732022808711092736 -2290.137695 -43.62899 1932.268555 1.8200164172800184 -0.9940197143697596 -1.1330926778298893
1732022808744434432 -2290.265381 -43.255329 1921.876953 1.5994066939005558 -0.7227299016994864 -1.3696478485794525
1732022808777775872 -2290.70166 -42.475471 1913.356567 1.6879865522918882 -0.6413732020259275 -1.3918143814352062
1732022808811117056 -2291.233398 -41.322224 1904.67395 1.5802550188416113 -0.6652097629532598 -1.2393118849817226
1732022808844458752 -2291.541992 -41.240135 1892.029663 1.667962077756718 -0.47259099041033464 -1.396928464142255
1732022808877799936 -2292.074707 -39.908173 1883.102112 1.5533828221057198 -0.7519158923004876 -1.2361505788426757
1732022808911141888 -2292.504639 -39.495186 1873.192505 1.6453003699362294 -0.671812378209221 -1.2845170862500916
1732022808944483584 -2293.055176 -38.943699 1859.974731 1.6632910482371654 -0.5986563476216291 -1.3137382577560375
1732022808977825024 -2293.280518 -38.957054 1849.6942749999998 1.571539616162878 -0.6007681221543393 -1.304345051998395
1732022809011165696 -2293.828369 -38.655704 1839.1206670000001 1.640545655135811 -0.5208303635469598 -1.3431285438237994
1732022809044507136 -2294.182129 -38.382179 1824.869202 1.6985204017983484 -0.46261500605369577 -1.222249901779548
1732022809077848832 -2294.27832 -38.186588 1814.297302 1.7490677532046244 -0.5643180364371504 -1.025127043124051
1732022809111190528 -2294.556641 -37.897041 1803.4689939999998 1.6499043096348687 -0.6125663211429918 -0.9847305181391299
1732022809144531968 -2294.351074 -37.908134 1788.4140009999999 1.6429792063356032 -0.5873503453540991 -0.8137840959910229
1732022809177873664 -2294.342285 -37.241573 1777.586182 1.6738907930804912 -0.6297313596737808 -0.6966749448330273
1732022809211215104 -2294.282471 -36.661846 1766.803284 1.5047590330767022 -0.5113531866691844 -0.7801514406798131
1732022809244556800 -2293.537842 -35.395031 1752.333923 1.3912440852481782 -0.2429908743281476 -0.8750437545582485
1732022809277898496 -2293.139648 -34.894787 1740.9863890000001 1.4295721032199893 -0.05349771577317755 -1.0496602350608348
1732022809311239936 -2292.942139 -34.053101 1729.736145 1.5571254497646554 0.02332179799932553 -1.1257107283529129
1732022809344581632 -2292.428955 -33.29586 1714.601379 1.7094375600609422 0.3257952062865591 -1.3393304704301974
1732022809377923584 -2291.94043 -32.78492 1702.632141 1.8407986889880792 0.5077181754909501 -1.5177179491745738
1732022809411265024 -2291.741699 -32.252583 1691.036804 2.142918814754133 0.6244988844724354 -1.595083736880672
1732022809444605696 -2291.335938 -31.36058 1675.362549 2.226274744421082 0.7151294411124849 -1.6850211273056528
1732022809477946880 -2291.048584 -30.684177 1663.70752 2.3280008939528916 0.8415469767530166 -1.6816443428569403
1732022809511288320 -2290.795166 -29.83152 1651.81189 2.3330609403705402 0.836945464656246 -1.6939755720938325
1732022809544630272 -2290.580322 -29.116945 1635.527588 2.4849483845795444 0.8451462311756431 -1.5631754327761762
1732022809577971968 -2290.468262 -28.492006 1623.221863 2.4809147061399237 0.8191832382285845 -1.4875460235342948
1732022809611313664 -2290.442871 -27.78768 1610.886627 2.3985879311797667 0.7857785096413695 -1.3801191742283132
1732022809644655104 -2290.437256 -26.686054 1594.118103 2.194601895072538 0.5589308686243648 -1.2175731189702765
1732022809677996800 -2290.442139 -26.20726 1581.200989 2.0971798814026075 0.3214273183534472 -1.1430244383027168
1732022809711338496 -2290.640381 -25.25318 1568.592957 2.0371144884296135 0.15205607838510424 -1.0439372995660186
1732022809744679936 -2290.843506 -24.520149 1551.737946 1.958505535435387 -0.04635456241501108 -0.8793416310542803
1732022809778021632 -2290.826416 -24.313196 1539.075256 1.633122278431785 0.13753200262240897 -0.7249762880554071
1732022809811363328 -2291.351074 -23.520676 1525.647247 2.1626437696840326 -0.4297891611272859 -0.7297522718831003
1732022809844704768 -2292.01001 -22.935238 1508.155884 2.418735962669603 -0.4348778141961042 -0.6697754927022799
1732022809878046464 -2292.143311 -21.701723 1491.55722 2.3099006917417975 -0.2309212701074501 -0.6281585079694371
1732022809911388416 -2292.303711 -21.241699 1483.375122 2.2968056885709114 -0.14509066132263682 -0.5869696468572007
1732022809944731136 -2292.574463 -20.135134 1467.134094 2.0826308311750186 0.03380207913075645 -0.44698947390260046
1732022809978074624 -2292.463623 -20.211042 1455.223892 1.7863949284433167 0.47067743578366295 -0.6140650032152137
1732022810011417856 -2292.844482 -18.80599 1444.604202 1.251984344588025 0.3547283835286713 -0.36888393537693204
1732022810044760832 -2293.328857 -17.138399 1431.19458 0.7374059033196472 0.22123969135617877 -0.12632307915794042
1732022810078103808 -2293.713867 -16.599628 1421.324234 0.5844103298732864 0.28310507281041103 -0.08948750330178301
1732022810111447040 -2294.030518 -15.526923 1412.4322809999999 0.4449059776941473 0.2176752558183274 -0.016000133176462244
1732022810144790272 -2294.31665 -14.127303 1401.432755 0.4207303085938406 0.23478981277043495 0.1125908526674249
1732022810178132736 -2294.259277 -13.171765 1394.592728 0.07936297020382545 0.6441291375168049 0.3016324286899446
1732022810211476224 -2294.323975 -12.133631 1387.476715 0.32397070671082795 0.4238971111569144 0.2280952173666526
1732022810244819456 -2293.7771 -10.901576 1379.87677 -0.2510030666214599 0.9105746959307445 0.40752968031555825
1732022810278162688 -2293.456787 -10.09486 1374.227905 -0.2605435191617008 0.8707556699052509 0.49406716334267986
1732022810311505920 -2293.156738 -9.999828 1368.566254 -0.17375012504914322 0.9849268461117179 0.36497207727014963
1732022810344847872 -2293.019043 -8.731317 1362.367035 -0.44992790599451254 0.6727888981114083 0.5495539451188582
1732022810378191104 -2292.946289 -7.636539 1357.5737 -0.2883206523909956 0.16839591314075203 0.5459331417692455
1732022810411534336 -2292.312012 -8.10198 1353.046204 -0.22182088723521728 0.40021263714624417 0.26367910381207116
1732022810444877312 -2291.683105 -7.801406 1348.211975 -0.4420120906045145 0.3643582018907424 0.20930555248278968
1732022810478220800 -2291.258789 -7.759645 1345.158798 -0.47758418082599663 0.38798376083532227 0.1911891708737089
1732022810511564032 -2290.947266 -7.79498 1343.210342 -0.7055769059001443 0.4255980717004118 0.44783804252891146
1732022810544907264 -2290.947021 -9.555984 1340.459625 -0.018791074963685282 0.2711412846572433 0.26727145224034554
1732022810578250496 -2291.322021 -8.665859 1340.812592 -0.2872808867630207 0.025436511837637003 0.4100655641319494
1732022810611593728 -2291.174316 -8.786799 1340.924301 -0.26081276868510433 0.022511257807496965 0.4503005044201475
1732022810644936704 -2291.16333 -9.134926 1340.885498 -0.16828836440499656 0.08685466816016192 0.40487205191361547
1732022810678280448 -2291.188721 -9.002929 1340.866333 -0.19174574300566707 0.06427533267297121 0.4040042705902754
1732022810711623680 -2291.26416 -8.759403 1341.0461579999999 -0.2360019292208082 0.00894427191699022 0.40629980421093054
1732022810744966912 -2291.479248 -8.087068 1341.514938 -0.06145700159001147 -0.542777884584919 0.31565581538051946
1732022810778309120 -2291.309326 -8.246895 1342.853409 -0.30643742938594076 -0.24689791613701312 0.00776500998589768
1732022810811652608 -2291.389404 -7.593931 1345.680725 -0.5231571919041621 -0.6062468294019627 0.2694936508710169
1732022810844996096 -2291.281494 -7.495042 1350.097824 -0.2529236666714167 -0.6356342571791037 0.24460433280596955
1732022810878339072 -2291.079102 -7.457439 1354.545395 0.23218208532982887 -0.6781148684216338 0.2113167341272144
1732022810911681536 -2290.678711 -7.91863 1360.088699 0.3258436629151325 -0.26333188835146615 0.20030520794495055
1732022810945024000 -2290.428711 -7.76765 1368.087296 0.48162870525602486 -0.39740247446899746 0.08588028200751292
1732022810978366208 -2290.404785 -7.570057 1374.571945 0.8931426057048703 -0.8542717053119597 -0.147995217317904
1732022811011708416 -2289.989502 -7.836476 1382.514633 0.6918160033850286 -0.8168153000512146 -0.2892591073023971
1732022811045050880 -2289.450928 -8.770495 1394.351913 0.011808825034706417 -0.38766037342120063 -0.3742742357120733
1732022811078393088 -2289.084229 -9.401061 1403.654633 -0.1089331228032678 -0.4642325756717085 -0.5776071131097854
1732022811111735296 -2288.770508 -10.398838 1413.240128 0.045388590504797044 -0.7970826224447058 -0.8739805905607887
1732022811145077504 -2288.355469 -12.104025 1427.447678 -0.062798664402733 -0.9532483812805673 -1.0996147616708885
1732022811178419968 -2287.788086 -13.673864 1439.468369 -0.7803739206391722 -0.4880448755101764 -1.1496769041361272
1732022811211761920 -2287.458008 -15.408786 1450.551773 -0.5902096724554985 -0.6751965562036425 -1.499740948569247
1732022811245103616 -2287.558105 -16.51388 1467.286499 -0.8415929450756752 -0.9924743278218329 -1.2223880198411414
1732022811278445824 -2287.585205 -18.218784 1479.560822 -0.6559162373267498 -1.0523551585470479 -1.359938789761514
1732022811311788288 -2287.550049 -20.18257 1491.69696 -0.43705762453631464 -0.9718865907244135 -1.5399325315128234
1732022811345130752 -2287.764404 -21.705742 1509.203247 -0.8921520017083047 -0.9862072637742685 -1.3311101608141918
1732022811378472704 -2288.215576 -22.198887 1521.930603 -0.730446379847034 -1.4672729645331293 -1.347270199091736
1732022811411815168 -2288.207031 -23.540668 1534.631592 -0.6896311116908315 -1.4508350900996745 -1.372071362085451
1732022811445157888 -2288.522217 -25.194859 1551.785339 -0.5988741299566233 -1.4733389135488542 -1.4160908080604733
1732022811478500096 -2288.782715 -26.464212 1564.589752 -0.5436291570934371 -1.4869845933648076 -1.4113453187868348
1732022811511842304 -2289.013184 -27.913925 1577.315979 -0.45856439811250954 -1.4159862487800805 -1.3634331687044456
1732022811545184768 -2289.354004 -29.634851 1594.506592 -0.4235063250713887 -1.385923731959281 -1.2172848972823744
1732022811578527232 -2289.481689 -31.074738 1606.918457 -0.46421513158707695 -1.2716653993811733 -1.11681306013486
1732022811611869440 -2289.821045 -32.088688 1619.226654 -0.5443637869904437 -1.2930433734861935 -1.0267671505929807
1732022811645211904 -2290.082031 -33.927792 1635.0002749999999 -0.6333382622753422 -1.32566140490377 -0.991696161910867
1732022811678553088 -2290.434082 -34.977077 1646.644653 -0.49770063062510356 -1.3533500439220043 -0.8505174131099761
1732022811711895808 -2290.79541 -36.026169 1657.702057 -0.34279272014274115 -1.4155064564136468 -0.8369189978512815
1732022811745238016 -2291.085205 -37.531281 1672.169006 -0.3522183016147517 -1.496448967865419 -0.7921239027642043
1732022811778580736 -2291.359863 -38.169041 1682.955353 -0.21259759401757142 -1.5558873212450057 -0.6215663376407555
1732022811811922688 -2291.448242 -38.83268 1693.71347 -0.21780054853402675 -1.6192817231152592 -0.6348530497030189
1732022811845265408 -2291.505127 -39.524887 1707.709351 -0.2848027845316969 -1.5191297674521564 -0.6064035034580969
1732022811878607872 -2291.550049 -39.783283 1718.2011109999999 -0.27476280127657365 -1.48177135206434 -0.5646707359515336
1732022811911949824 -2291.381104 -40.184029 1728.542114 -0.45057988376393243 -1.324438437934287 -0.5091051971537897
1732022811945292288 -2291.304443 -40.46397 1742.229187 -0.5866875987437242 -1.1744655354316607 -0.5302673793988044
1732022811978634752 -2291.361816 -40.493923 1752.331604 -0.6955968223508878 -1.0763691507706352 -0.5563905010526305
1732022812011977216 -2291.508301 -40.188938 1762.3335570000002 -0.6913980049460392 -1.1189492405390515 -0.5549161330279194
1732022812045319424 -2291.486084 -40.374954 1774.935852 -0.7201428734228371 -1.122662091099799 -0.6114336272082783
1732022812078661632 -2291.630127 -40.322445 1784.40863 -0.5631737296098975 -1.163412693026145 -0.5540559247186047
1732022812112002816 -2291.564209 -40.633469 1793.553772 -0.5462227254602351 -1.2733413335878616 -0.5370669277910192
1732022812145345280 -2291.579346 -40.831974 1805.7475590000001 -0.47869080508507345 -1.251201457267687 -0.5013149276815875
1732022812178687488 -2291.641602 -40.76878 1815.225037 -0.33867144960313394 -1.3522107115613553 -0.4322362925678718
1732022812212030208 -2291.699219 -41.259972 1824.441101 -0.5120840118359756 -1.3582191497233371 -0.4906558424531557
1732022812245372416 -2291.720703 -41.587448 1836.924988 -0.47093429146909827 -1.3862380806324934 -0.443207021590342
1732022812278714880 -2291.775879 -42.139069 1846.026001 -0.44387110580265987 -1.471233120878444 -0.4260202941928793
1732022812312057088 -2291.944336 -42.641548 1855.425598 -0.5195887458774587 -1.4980698150506542 -0.4527260132741278
1732022812345399296 -2292.036133 -43.46965 1867.803711 -0.6576274931123696 -1.5781758426042771 -0.5280744515559752
1732022812378742016 -2292.797607 -44.437492 1877.0535889999999 -0.8135938094423463 -1.4651101304380336 -0.7057369796468438
1732022812412084224 -2292.959961 -45.241505 1886.0826419999999 -0.547930636992453 -1.470149092016909 -0.8983359061179955
1732022812445426432 -2293.273193 -46.148426 1897.818237 -0.1663218223181046 -1.5243079753501347 -0.9708619851551553
1732022812478769152 -2293.521484 -46.314201 1906.685608 0.0467753096902794 -1.7375943029263548 -1.0398064421379627
1732022812512111104 -2293.647705 -46.539291 1915.189453 0.194105587582333 -1.7829974932450858 -1.0503297656110273
1732022812545453824 -2293.725098 -46.209263 1926.978149 0.15042675118097001 -1.9734978146167717 -0.9749220825367338
1732022812578795264 -2293.752441 -46.238346 1935.1882930000002 0.2966255841454227 -1.983273167794851 -0.9987965378370646
1732022812612137472 -2293.846436 -46.313957 1942.708496 0.49895405006747334 -1.9837442873548579 -1.0262168996280254
1732022812645479936 -2294.053223 -46.354454 1952.7299799999998 0.5978592948757772 -1.8256248787271716 -1.2037911891696276
1732022812678822400 -2294.019531 -46.141518 1959.760986 0.6223750412661667 -1.7853982732603066 -1.2118059741069336
1732022812712164864 -2293.940186 -45.780144 1966.9670409999999 0.46779615983243855 -1.8282065214563608 -1.2034660454352735
1732022812745507072 -2293.333496 -45.604992 1975.7578740000001 0.4763782589897141 -1.6185977747552083 -1.2360561084193162
1732022812778849536 -2293.033203 -45.45871 1981.6454469999999 0.6634744490849188 -1.5644769981426172 -1.2863680587627462
1732022812812192256 -2292.501953 -45.211838 1987.673462 0.5173965641365414 -1.2417202146138748 -1.332047489081559
1732022812845534464 -2291.944824 -45.223618 1994.54834 0.714916814785082 -1.1222777153155543 -1.3482273665527675
1732022812878876672 -2291.788086 -45.201649 1999.10199 0.9157603333820818 -1.105576834311242 -1.308533378674176
1732022812912218624 -2291.636963 -44.745277 2003.1160889999999 1.0071625638380448 -1.129423326540172 -1.2450768788827273
1732022812945560320 -2291.217285 -44.507439 2007.014343 1.1220862495511084 -1.0301250866160687 -1.1494900352868342
1732022812978902016 -2291.305664 -44.064674 2009.0442500000001 1.1434956920602357 -1.058852247092281 -1.1033796070152586
1732022813012242688 -2291.270264 -43.868988 2010.067749 1.15922919532598 -0.9888029853279249 -0.9829328363713
1732022813045584384 -2291.311523 -43.555988 2010.269531 1.2072610039380862 -0.9672094937598533 -0.9151792607078564
1732022813078926080 -2291.322754 -43.354645 2009.125122 1.3254561048359632 -0.8854899110983564 -0.90627222813873
1732022813112268032 -2291.486328 -43.168819 2007.197021 1.4475344937471708 -1.0499565111882798 -0.835715843570679
1732022813145609728 -2291.269043 -43.232624 2002.7250980000001 1.6080603648616743 -1.0593331638640666 -0.708702557955673
1732022813178951168 -2289.877441 -43.437222 1998.8214719999999 1.5915837646382418 -1.4383384312063907 -0.40454339276071033
1732022813212292864 -2290.946533 -43.407013 1992.3188480000001 1.909581158595965 -1.0476112932755806 -0.5441769431547832
1732022813245634816 -2290.957275 -43.37896 1983.1260989999998 2.0374972118206838 -1.0677537705861166 -0.4607486956302466
1732022813278976512 -2290.69873 -43.335003 1975.308594 2.1187998727045967 -1.0867545470074784 -0.40108058321266576
1732022813312318208 -2290.982178 -43.455769 1966.400085 2.3053464049747254 -1.1718952938278884 -0.5462191235955257
1732022813345659648 -2290.679443 -43.479446 1952.979126 2.5787657550560947 -1.0677077488694253 -0.44131088514362593
1732022813379001600 -2290.321045 -42.919636 1941.725342 2.794174243159185 -1.2849046656295482 -0.2727281054733605
1732022813412343296 -2290.477051 -42.21682 1930.0048219999999 2.8776162440399804 -1.1887393331594804 -0.29054746549430094
1732022813445683968 -2290.753418 -41.875984 1913.215576 3.021265594194509 -1.2490747877153079 -0.40369150610678667
1732022813479025664 -2290.884033 -41.726925 1900.201233 2.842313368573703 -1.2056561177097334 -0.5866956255778428
1732022813512367104 -2291.021973 -41.021729 1887.294067 2.597174491128319 -1.1901281259606133 -0.8068252981470178
1732022813545709056 -2291.679443 -39.610157 1869.951538 2.25570488374979 -1.3880826926108834 -0.9853547827655209
1732022813579050752 -2291.629639 -39.237347 1855.6414790000001 2.218982683866242 -1.2483909446690455 -1.2383928700533253
1732022813612392448 -2291.711426 -38.763554 1840.9922490000001 2.385161776311602 -1.1188091566011282 -1.4914582588376584
1732022813645733888 -2291.294434 -38.851749 1820.615479 2.4361989272309144 -0.8357926487020407 -1.6318196553434177
1732022813679075840 -2290.855713 -39.126236 1804.391541 2.3571822500185116 -0.5836848647803263 -1.6787519790162133
1732022813712417536 -2290.508789 -38.933102 1787.677673 2.2083774702701318 -0.4371121614361426 -1.7103578868968263
1732022813745759232 -2290.021484 -38.563992 1764.823242 1.8762685239344088 -0.43457786925059944 -1.7680743842659805
1732022813779100672 -2289.813721 -38.641651 1746.83905 1.5211744069737618 -0.3733350676541727 -1.928236648239691
1732022813812442880 -2289.752197 -38.410305 1728.7023319999998 1.249332262955161 -0.3213256989790681 -2.0464458746422007
1732022813845784320 -2289.638428 -38.348835 1703.75296 1.2592292174402304 0.11046064199314862 -2.065571739753536
1732022813879126016 -2289.560547 -38.086975 1684.882812 1.5890489622441488 0.3037343665142217 -2.0025234056008023
1732022813912465920 -2289.489746 -37.802288 1665.897797 1.6724380976752455 0.3483490587039833 -1.802496301555586
1732022813945807616 -2289.411133 -36.896629 1641.064056 1.6792657672311095 0.3518450441791476 -1.5093143283389288
1732022813979148800 -2289.323486 -35.817295 1622.540222 1.453258678962629 0.3467687351051384 -1.2360483819005563
1732022814012490240 -2289.273682 -34.669434 1604.151093 1.1214927588744352 0.24631966000857766 -0.9302416091894573
1732022814045831680 -2289.234375 -33.487339 1580.116394 0.639020731529564 -0.010530748524723955 -0.40289256721287825
1732022814079172864 -2289.293213 -32.123634 1562.843231 0.2350774936879434 -0.1823594580477006 -0.048760709519089965
1732022814112514304 -2289.288574 -31.531225 1545.988037 -0.009835152912545546 -0.23652149521625143 0.30962092926606755
1732022814145855488 -2289.181396 -30.281256 1524.6762390000001 0.10935303262456858 -0.15910959087602275 0.5354872486133078
1732022814179196928 -2289.088623 -29.666954 1509.123535 0.2216199252762617 0.10943487899765285 0.44552099890294705
1732022814212538112 -2289.021729 -28.645742 1494.237793 0.2129734981556307 0.25415021550985073 0.42650274217330186
1732022814245879296 -2288.857666 -27.631411 1475.297577 0.22575183637418286 0.5297674622288541 0.2478808603611333
1732022814279220736 -2288.806641 -26.521074 1462.245392 0.18892440084030485 0.62613004421232 0.2174460439809426
1732022814312561920 -2288.550293 -25.525839 1450.083817 -0.23426279426995672 0.9904608835984597 0.35598975873455535
1732022814345902336 -2288.667969 -24.73362 1433.58847 -0.12443107288164176 0.3378178968184702 0.4435409918715471
1732022814379243520 -2288.626465 -24.530731 1422.441986 -0.24378505499307224 0.023138177704513197 0.4936195117992028
1732022814412584704 -2288.645508 -24.180902 1413.070633 -0.7170575625646661 0.16127763229784692 0.6832040761038664
1732022814445925888 -2288.865234 -23.549662 1401.056473 -0.7226706597931823 -0.0017128654198207511 0.696027496685354
1732022814479267584 -2288.908447 -23.635458 1392.987381 -0.6590401748837351 0.24632214205828754 0.5368194382320295
1732022814512609024 -2288.685547 -23.482878 1385.589417 -0.662839226402318 0.35489446537442676 0.4875379285928381
1732022814545950208 -2288.535645 -23.736536 1376.808655 -0.756500467373239 0.8449653543292107 0.2661745192793232
1732022814579291648 -2288.531494 -23.581741 1371.361359 -1.0524617805321674 1.0115679456186775 0.2507888026366736
1732022814612632320 -2288.700684 -23.400875 1366.673233 -1.151178147883116 1.05600657840633 0.27254301611290604
1732022814645974016 -2289.078125 -23.741402 1361.088623 -0.6322124495865495 0.6922121911892117 0.13710946706249405
1732022814679315456 -2289.197998 -24.648642 1357.688782 -0.42962969246207466 0.6685822872066197 0.09209321571666078
1732022814712656384 -2289.58374 -25.227074 1355.501938 0.1523485549017262 0.6624594972015594 0.13765069775557598
1732022814745997824 -2290.008301 -25.985754 1352.669083 0.8235766348714539 0.49562453601461237 0.18972958187583322
1732022814779338240 -2289.990723 -26.908955 1351.174377 0.6785316750053838 0.9432434171497498 0.3510020237405595
1732022814812679424 -2290.050537 -27.380947 1348.62088 1.0006126709820962 0.22853081338659403 0.3131954263208879
1732022814846020352 -2289.603027 -27.82745 1347.063278 0.05737655381237032 0.5737769998344342 0.4619361673200792
1732022814879361536 -2289.300293 -27.735128 1346.137985 -0.31542750038434586 0.47000535412357214 0.5166510912765241
1732022814912703488 -2289.031738 -28.056942 1345.757492 -0.6171223191051357 0.40828806964702197 0.5430873763998945
1732022814946045184 -2288.787109 -28.321976 1346.778732 -0.6352488359755325 0.23794765826522687 0.5193244439068059
1732022814979387136 -2288.539551 -28.579031 1348.34465 -0.2975274861406047 -0.11058275572941403 0.3420037741363761
1732022815012728320 -2288.282227 -28.809452 1351.805908 0.043647051495022016 -0.26870019013752366 0.32316394852878605
1732022815046070016 -2287.575439 -29.318392 1359.279816 -0.3228630056078583 -0.02101879466685787 0.2980869419417972
1732022815079411968 -2287.195312 -29.645063 1366.463959 -0.38793357781944826 -0.01063551949658979 0.09947402369219305
1732022815112753408 -2286.64624 -30.555561 1374.2849879999999 -0.20801716288137448 -0.14162385890792326 -0.18260360745770754
1732022815146095104 -2286.092041 -32.101616 1387.917831 -0.5920552949736815 0.19579462579446136 -0.20347267053239634
1732022815179436800 -2285.979492 -32.967175 1398.396957 -0.28149099464329475 -0.16837076635969578 -0.3167513736982225
1732022815212778240 -2285.508789 -34.060986 1410.647583 -0.5503425231251272 0.0072790515064658215 -0.4469282194093345
1732022815246119168 -2284.38208 -36.146 1427.886414 -0.610276632227059 0.3776937262629717 -0.6720124908383994
1732022815279460608 -2284.328369 -36.883335 1442.201935 -0.7484793810905488 0.24183175326605594 -0.5353226222302194
1732022815312802304 -2284.265381 -37.903412 1456.85553 -0.7058553041321022 0.18203322920618925 -0.48466567414013145
1732022815346144000 -2284.461426 -38.980629 1477.132721 -0.4521174534125668 -0.16971733912602224 -0.29850701912416117
1732022815379485696 -2284.696777 -39.866428 1492.737366 -0.09490471036759719 -0.43349857853523854 -0.2670739556250477
1732022815412827136 -2284.992432 -40.251678 1509.056366 0.16892380786947908 -0.7912615427254114 -0.013542952399647751
1732022815446168832 -2285.138916 -40.979446 1531.727539 0.035999529400977996 -1.0985778296223634 0.35415005600385624
1732022815479510784 -2285.412598 -41.247967 1548.135864 0.5630732643293287 -1.6901709802577614 0.433040089589412
1732022815512852480 -2285.303467 -41.468658 1565.213806 0.6723241576549281 -1.8439055135030935 0.6496940552103773
1732022815546193920 -2284.851318 -41.71632 1588.420929 0.7939783493006513 -1.8604339162169736 0.9087798393222206
1732022815579535616 -2284.696533 -41.907505 1606.293365 0.655603770694265 -1.901538717723317 1.0149129404338353
1732022815612877056 -2283.596436 -42.175568 1623.692017 0.623710233567261 -1.6402003309620081 1.3096156463394941
1732022815646219008 -2283.409668 -43.219685 1647.124176 0.4412643316387949 -1.4569528006385943 1.3948271580543012
1732022815679559680 -2283.341309 -43.610325 1664.345367 0.5527113087316673 -1.5460467041172326 1.4370176144675326
1732022815712901120 -2283.054688 -44.029869 1681.445984 0.47658366405782254 -1.4889483649825648 1.5173064367095908
1732022815746243072 -2282.873047 -44.600761 1703.651733 0.4257120803805439 -1.3668048084320403 1.5684781365903244
1732022815779584512 -2283.090088 -45.076313 1720.044678 0.3807310024296902 -1.3149483186819027 1.579054634275501
1732022815812926208 -2283.0625 -45.925545 1741.595825 0.23465592994173934 -1.4584918401862514 1.491962843399596
1732022815846267904 -2283.219727 -46.372978 1757.1796259999999 0.11727252586108436 -1.3741947601887226 1.45673907451555
1732022815879609600 -2283.673584 -47.319885 1772.362793 -0.0013592377789238197 -1.4657336288779816 1.206150915445746
1732022815912950784 -2284.022705 -48.235016 1786.981384 0.06082592720893721 -1.469300114058867 1.0822669137297314
1732022815946291968 -2284.623535 -49.136059 1806.449646 -0.011589335500615564 -1.5153583623442832 0.8178203667377757
1732022815979633152 -2284.788574 -50.043274 1820.15918 -0.0737479628548652 -1.3710031863380379 0.5121555279185218
1732022816012974336 -2284.811523 -51.191387 1832.994202 0.007564187164639014 -1.24369895561384 0.27187674617186125
1732022816046315520 -2284.995361 -52.505035 1849.15918 0.23507069548460655 -0.9038311351562622 0.07272128333341903
1732022817113227520 -2296.64917 -67.102058 1954.351379 0.7896978395671173 -0.4228488803434414 1.2087123409836633
1732022817146568704 -2296.265625 -66.781685 1942.421265 1.0034199048059778 -0.5503877991697764 1.208228690763153
1732022817179909888 -2294.655273 -65.983208 1931.3488770000001 0.8535588615867382 -1.1463287372561137 1.432023352974508
1732022817213251072 -2295.022949 -64.933762 1914.0478520000001 0.7263073424528691 -1.045846092646795 0.9532674037986625
1732022817346615808 -2293.43335 -58.887985 1852.262512 0.720734519663864 0.10544985989130366 0.3566012804423064
1732022817379956736 -2293.388184 -57.671127 1837.3582760000002 0.5498292666158527 0.24832375844681925 0.16185350951742866
1732022817413297920 -2292.882812 -56.04089 1816.767395 0.3861053061902078 0.6468672428255424 0.0664109288635483
1732022817446637824 -2292.749268 -55.039249 1800.311218 0.452821523274632 0.8870255944960249 0.004966423044295254
1732022817479979008 -2292.885498 -54.134785 1783.275269 0.5604912814156565 0.9410732235361497 -0.10750640083705047
1732022817513319936 -2292.959961 -53.018322 1759.962708 0.4921385771403422 1.0785065494694765 -0.3318180987149671
1732022817546661120 -2292.804932 -51.440765 1741.9348750000001 0.4279242490266019 1.2003329873440465 -0.4393324213638187
1732022817580002304 -2292.696533 -49.937866 1723.59436 0.28141218938231577 1.4605752456943195 -0.6334620029281527
1732022817613343488 -2292.727783 -47.580257 1698.503632 0.1755874313141423 1.7366216952870304 -0.9523239478084999
1732022817646684672 -2292.552002 -45.833225 1679.183716 0.10456459077278783 1.9640727965126823 -0.9886483938594538
1732022817680025600 -2292.558594 -43.784214 1659.7142939999999 0.2153635323269497 2.168335727863386 -1.0324064353271938
1732022817713366784 -2292.476807 -41.179352 1633.7231140000001 0.2438902758689191 2.3886131541621753 -1.0132757029031352
1732022817746707968 -2292.803955 -39.018738 1614.592804 0.46974768427582425 2.2831892684664985 -1.0049032473425346
1732022817780048896 -2293.09375 -36.631332 1595.635986 0.3895620293769617 2.0317385047110297 -0.9714688836707518
1732022817813390080 -2293.256104 -34.394917 1570.791504 0.2834044585924093 1.6474792153144482 -0.7649926101462248
1732022817846731008 -2293.495605 -32.406467 1553.24057 0.17333587186806945 1.3797734902458731 -0.6246329268633758
1732022817880071936 -2293.423096 -30.908577 1536.7164 -0.24438723758298003 1.5242247084450238 -0.3427346733123812
1732022817913412096 -2293.547852 -28.625235 1514.425964 -0.08500122537520695 1.0958351327771807 -0.3828704350273569
1732022817946753280 -2293.285645 -27.299206 1498.960175 -0.28831858875027827 1.3269197740114025 -0.5853264475174359
1732022817980094208 -2293.336426 -25.09746 1484.639587 -0.6187939414866792 1.303383628634967 -0.712737264952971
1732022818013435136 -2293.049561 -23.834843 1470.8226319999999 -0.9573559597362646 1.4785714295801249 -1.0309658936712451
1732022818046776320 -2292.780762 -21.831316 1454.449463 -1.4500663490483876 1.7520152589699691 -1.1354518208933906
1732022818080117504 -2292.724121 -20.388485 1442.672745 -1.8561868432443207 1.8735208427149956 -1.32199174205074
1732022818113458688 -2292.759521 -18.655964 1427.719452 -1.351861615267185 1.5864833596479018 -1.6958724207095768
1732022818146799872 -2292.81958 -17.042753 1417.881882 -1.1180415355412412 1.4203438362765455 -1.7107139250458696
1732022818180141056 -2292.952148 -15.350883 1408.664017 -0.8410661015059834 1.1179696176081395 -1.546610682911166
1732022818213481984 -2293.206787 -12.490452 1397.791397 -0.8038617991119178 0.5642574722618415 -1.2179492465402013
1732022818246823168 -2292.888916 -10.836904 1390.886871 -1.038559703695798 0.6841943772867364 -0.9492717257474786
1732022818280164096 -2292.76416 -8.990147 1383.801437 -0.5747823506589059 0.235633552836427 -0.9460313995650322
1732022818313505280 -2292.303955 -6.833327 1376.555069 -0.5528957994981534 0.09366293096948294 -0.6574927110811666
1732022818346845184 -2291.857178 -5.478319 1372.263306 -0.46326662767479154 0.04291978807428967 -0.5022138715510135
1732022818380186368 -2291.244141 -4.555707 1368.822296 -0.7415013837589197 0.44845667090185265 -0.35807239752486036
1732022818413527552 -2290.99585 -2.925431 1364.416809 -0.5024832463102588 0.18672391985336678 -0.30896376189339536
1732022818446868480 -2290.886475 -2.078364 1362.167877 -0.4810395118749755 0.14184659720296972 -0.18921714167872233
1732022818480209664 -2290.959717 -1.816232 1360.222733 -0.21440995116650646 0.2210564498843215 -0.24120154333492813
1732022818513550336 -2290.841064 -2.110359 1358.283615 -0.17768713663790534 0.4062898816938483 -0.09178898037046025
1732022818546891520 -2291.230713 -1.884488 1356.625122 0.35272190054129565 0.06990279370291963 -0.13067845687778484
1732022818580232704 -2291.310547 -2.095189 1355.502594 0.5251892019396781 0.06469346855215648 -0.1386202431087987
1732022818613573888 -2291.479492 -2.605598 1354.201187 0.567128781610144 0.049888342305263136 -0.187459014756481
1732022818646914816 -2291.532715 -3.125345 1353.620132 0.437738150531846 0.01869604885308614 -0.222010852881627
1732022818680256000 -2291.634277 -3.614177 1353.450912 0.3585102562902899 0.03172994749256027 -0.28904796590754567
1732022818713597184 -2291.566895 -4.418857 1354.478287 0.039869246695407715 0.019615685646450144 -0.38771669442661993
1732022818746938112 -2291.486328 -5.299502 1356.019501 -0.09151620350517368 0.06678030786971503 -0.46518605619153386
1732022818780278272 -2291.116455 -6.445036 1358.892746 -0.3034108158026674 0.2513119503079747 -0.44122227908448997
1732022818813618688 -2290.633789 -7.447504 1363.503845 -0.27898939116216187 -0.1918329180815924 -0.6818330550423819
1732022818846960128 -2289.953857 -8.965337 1369.333328 -0.712285881008757 0.05656374655578035 -0.7914902894727709
1732022818880301056 -2289.505127 -10.148102 1375.408508 -0.4143098149679689 -0.3693886547336181 -1.0519309168023177
1732022818913642496 -2288.252197 -13.003033 1385.759109 -0.8016877603874846 -0.4930453811247349 -1.2629470668573077
1732022818946983936 -2287.509277 -15.319837 1395.716461 -1.2387974256170144 -0.3959513535278082 -1.153407812838248
1732022818980325120 -2287.031006 -17.577177 1405.599899 -0.9019683003984893 -0.770093964545294 -1.2617033720446442
1732022819013666816 -2285.969238 -21.196789 1420.584274 -1.0195638996423528 -0.8144059694128397 -1.2765100326433647
1732022819047008000 -2284.967041 -23.763887 1433.150696 -1.4172865529358425 -0.7135633938051091 -1.0276804036355056
1732022819080349696 -2284.201904 -26.883011 1445.816162 -1.6414453730416134 -0.6369212739606643 -1.0042142813814097
1732022819113690880 -2283.625488 -29.766092 1463.915344 -1.5284704057561829 -0.9372829076705456 -0.985225500334168
1732022819147032320 -2283.18457 -31.963303 1478.581146 -1.5232591696098754 -0.9304031943374595 -0.807044349914778
1732022819180374016 -2282.897705 -33.653011 1493.820312 -1.3520865517167455 -1.0401040075819366 -0.6538094330965526
1732022819213715200 -2282.185547 -36.476566 1515.171356 -1.6433397767884168 -0.4840939252288495 -0.5693620238035819
1732022819247055872 -2282.117188 -37.581383 1531.308868 -1.3341737587107085 -0.8929881342358104 -0.43857882787470426
1732022819280397056 -2281.906982 -38.646896 1548.1983950000001 -1.4504779582326037 -0.998888020635178 -0.3037042811637402
1732022819313738496 -2281.735107 -40.292713 1570.667206 -1.3143799612469842 -1.064727728481368 -0.16211857204305494
1732022819347079680 -2281.5271 -41.281502 1587.646851 -1.1284528087024348 -1.1529662594978585 -0.08864629959342167
1732022819380421120 -2281.356689 -41.921822 1604.702545 -0.8202456495950531 -1.4156328863940195 0.09881711658685605
1732022819413762816 -2281.501953 -42.614567 1627.080505 -0.4708273750107706 -1.6902402624662591 0.21787233346096788
1732022819447104000 -2281.725586 -42.958858 1644.15213 -0.28425758326682454 -1.7529720035661158 0.2772865058194278
1732022819480445696 -2281.571289 -43.277313 1660.607635 0.16752609828858844 -1.9271188169540932 0.38329699056601746
1732022819513786880 -2281.182129 -43.492752 1682.742981 0.37083316217899687 -1.7784452764672223 0.4928205915114045
1732022819547128320 -2281.583252 -43.804508 1699.613953 0.31451980766308185 -2.0583866202449848 0.48012623849923314
1732022819580469504 -2282.169434 -43.999477 1716.2745969999999 0.1842284325969765 -2.207241408286198 0.2940431619262494
1732022819613810688 -2282.861084 -44.361496 1738.313416 0.030464533113455986 -2.376274528650061 0.1769471549728969
1732022819647152384 -2283.37207 -44.983932 1754.54303 -0.21491461519517596 -2.5500491961538625 -0.012614570581274786
1732022819680492288 -2283.92334 -45.648586 1770.301636 -0.4405608589617866 -2.3011088143262968 -0.25823419151041666
1732022819713834240 -2284.498047 -47.171673 1790.897827 -0.5802515765666307 -2.3004773339408886 -0.5615624909702264
1732022819747175424 -2284.739502 -48.404091 1805.853577 -0.6581474611584038 -2.016358471431308 -0.8455445565677229
1732022819780516864 -2285.029785 -49.774696 1820.666687 -0.5651111381591645 -1.812328912339511 -1.121633154678213
1732022819813858304 -2285.77832 -51.708385 1840.000305 -0.5299498323048661 -1.5217773287568497 -1.305839045022187
1732022819847199488 -2286.422363 -52.875233 1854.0928959999999 -0.5334257350847851 -1.3834569111249675 -1.4020097385024908
1732022819880541184 -2286.491455 -53.340519 1867.123413 -0.03884866797423645 -1.8073370175602814 -1.6816789687133447
1732022819913882368 -2287.385254 -54.609528 1885.6383059999998 -0.6869523983679893 -1.6900275513917624 -1.7256611198297571
1732022819947223552 -2288.158203 -55.603924 1898.880005 -0.9609444494922451 -1.7817956350192194 -1.6409642059623581
1732022819980564736 -2288.940674 -56.402187 1911.55249 -0.9622265901150823 -1.9828206164505635 -1.5432217127845023
1732022820013905664 -2290.336914 -56.99884 1928.446899 -1.2880681366346318 -2.3188725884820163 -1.3763617731827997
1732022820047247104 -2291.002686 -57.549416 1940.215881 -1.3916260964847051 -2.583242759127196 -1.242788567528431
1732022820080588032 -2291.347412 -58.241985 1951.29895 -1.4110784998380794 -2.655293515330391 -1.1711944952281828
1732022820280634368 -2294.152832 -57.526859 2016.84668 0.2004853792937983 -2.3939252614863284 -1.2817213434779962
1732022820413999104 -2292.841797 -57.466579 2049.043945 0.29397490023053646 -2.2814496017802353 -0.7155656125330918
1732022820447340032 -2292.064453 -56.675552 2053.4063109999997 0.6590218720644323 -2.496757790475721 -0.36900405887088167
1732022820480681216 -2291.474365 -57.441345 2055.507935 0.9590525618634709 -2.409204569812488 -0.38512968537259934
1732022820514022656 -2290.735596 -57.361042 2057.257812 1.2625666318437134 -2.5755034426578165 -0.10205401127366046
1732022820580703488 -2289.339111 -58.727402 2055.015869 1.3898795502398016 -2.3487584109796544 -0.14647513361712186
1732022820947457280 -2287.458984 -59.05275 1935.324341 1.336355987408589 -0.3860737033765331 -0.7148067844043589
1732022820980799232 -2287.789307 -57.83741 1922.064026 1.1590774744823227 -0.5722911725116352 -0.7064510899199643
1732022821014139904 -2288.276855 -57.117256 1903.362549 1.1872555930878488 -0.6836272321550592 -0.8750425415566121
1732022821047481600 -2288.733398 -57.154709 1888.722229 1.2953101972889791 -0.8715143264531922 -1.057127599050448
1732022821080823296 -2289.00708 -56.7868 1873.990173 1.2418263271901553 -0.9713308828037344 -1.053937805536459
1732022821114164736 -2289.976318 -56.251469 1853.894592 1.3208984779243746 -1.1484481188142512 -1.2715629313892023
1732022821147506688 -2289.852539 -55.980762 1838.5257569999999 1.1571729391316088 -1.482942517892303 -1.2068494525125462
1732022821180848640 -2289.592529 -55.727215 1822.7021479999999 1.094421466490012 -1.4737067056837458 -1.2925211030112724
1732022821214190336 -2289.280518 -55.106312 1801.279663 1.121950235452092 -1.4357946402711879 -1.28066169597234
1732022821247532032 -2289.443604 -54.034756 1785.0310060000002 0.989201829419693 -1.42854001558294 -1.2697061015387112
1732022821280873472 -2289.556396 -52.972401 1768.0167239999998 1.0685524377522277 -1.416158692653336 -1.3074228499058633
1732022821314215680 -2289.817871 -51.799633 1744.9766240000001 1.1924773459649212 -1.3917977655305014 -1.3714362675001472
1732022821347557120 -2290.100098 -50.749748 1727.684937 1.2613738928065912 -1.1314180187457337 -1.5905238874309933
1732022821380899072 -2290.806885 -48.977077 1710.27533 1.4011718232003316 -1.123410516843397 -1.7460199060613875
1732022821414240768 -2291.828369 -47.155598 1686.526184 1.5095848969040266 -1.035909682179928 -1.8435933750829583
1732022821447581440 -2292.724121 -46.064159 1667.950562 1.6248666502822675 -0.8999229013038726 -1.8976826676143363
1732022821480923136 -2293.61499 -44.669563 1649.889435 1.64069917030014 -0.9415862898192838 -1.821240707036869
1732022821514265088 -2294.303711 -42.335167 1625.326843 1.3867839906400605 -0.8253724800603233 -1.5738661851913691
1732022821547606784 -2294.915039 -40.378418 1606.90921 1.1862615235314014 -0.910122428322277 -1.3390871339121824
1732022821580948480 -2295.109863 -38.898781 1587.743683 1.1201792694706136 -0.8611164972640207 -1.1441529876239973
1732022821614289920 -2295.614258 -36.514854 1562.408722 1.267303919206522 -0.9210220750041094 -0.8742580821690881
1732022821647631872 -2295.524414 -34.534737 1543.479706 1.112673485233923 -0.9411695824660182 -0.6569292644339592
1732022821680974080 -2295.167969 -32.218498 1525.4642939999999 0.5979653744916189 -0.6496298143076638 -0.3621998326887413
1732022821714315520 -2294.71167 -29.273428 1500.8672490000001 0.5142072615008012 -0.44887323873094 -0.2677052017376662
1732022821747657216 -2293.837158 -27.149412 1483.457214 0.24956330933265677 -0.10879759142039729 -0.1614683717495129
1732022821780998912 -2293.055176 -24.728266 1467.209869 -0.07682047865313824 0.254060032347661 -0.07138939045502118
1732022821814340864 -2291.835938 -22.006828 1447.440186 -0.5146040554722259 0.5935375362501755 -0.07930221478383079
1732022821847682816 -2291.106201 -20.229296 1433.704712 -0.7526137836933031 0.7981746894233248 -0.11156453047540205
1732022821881024256 -2290.588135 -18.531746 1421.2396390000001 -0.8444959641735776 0.9594239759118056 -0.1174076900326356
1732022821914364672 -2289.806885 -16.604677 1406.527359 -0.8768563899307823 1.0962499186434358 -0.2185245322870563
1732022821947705600 -2289.345215 -15.306605 1397.342377 -0.9215304138371413 0.9949924636396547 -0.23277669183302102
1732022821981046784 -2288.869141 -14.689452 1388.850922 -0.9844639559526184 1.0939093539391676 -0.39334632412467524
1732022822014387968 -2288.787109 -12.939219 1379.880203 -0.9369287691005128 0.8538023477277341 -0.38584142657421866
1732022822047728896 -2288.366455 -12.452358 1373.75441 -0.8466745890674617 0.9015259110869307 -0.4666329980207977
1732022822081069824 -2288.156006 -11.834911 1368.673767 -0.6133051714122187 0.8570152068706818 -0.37372016066792413
1732022822114410752 -2287.87207 -11.548134 1362.841782 -0.485740262944489 0.6470615242567618 -0.27241991948852873
1732022822147751936 -2287.831543 -11.353432 1359.358826 -0.4760553427739544 0.5738841500132577 -0.1820143188756052
1732022822181092864 -2287.727295 -11.761345 1357.234604 -0.7544801062130585 0.8834218469312289 0.08555083733922143
1732022822214434048 -2288.174561 -12.251274 1354.198929 -0.1920532088157428 0.32027181621396283 0.1450821578892279
1732022822247774720 -2288.3125 -12.995275 1353.835526 -0.4064394525747942 0.5882842962292779 0.3808102770206401
1732022822281115904 -2288.712891 -13.510601 1352.593216 0.15061716008832823 0.255303464570403 0.3785789012460496
1732022822314457088 -2289.337402 -14.400833 1352.565613 0.19107330394109534 0.27048656248437425 0.4196628369855768
1732022822347797504 -2289.817627 -15.085203 1353.00502 0.155164084608315 0.20150808770339715 0.4907904319326758
1732022822381138688 -2290.212402 -15.506456 1353.636429 0.2216028042922972 0.2122668016928551 0.5287460577101679
1732022822414479616 -2290.684814 -16.108601 1354.633301 0.30964349062314017 0.12421246652584053 0.45876795940941495
1732022822447820288 -2291.215088 -16.5201 1355.6700289999999 0.6299232351234367 0.14582487033918856 0.3333014834424491
1732022822481161472 -2291.227295 -16.725765 1357.020599 0.2691152113233592 0.4289438811405431 0.3340474756562511
1732022822514502400 -2291.651367 -16.940388 1359.385422 0.47557987332593504 0.17458288623226567 -0.006752683382790242
1732022822547843584 -2291.812256 -17.466894 1362.998962 0.3679520438799357 0.22917381021112623 -0.10317157454722531
1732022822581184512 -2291.915283 -18.393234 1367.885391 0.2667215208053654 0.18712275862513422 -0.20614648810870945
1732022822614525440 -2292.04541 -20.243839 1377.615814 -0.2934952794981998 0.3373768392805813 -0.2407372119942702
1732022822647866368 -2292.079834 -22.330091 1386.396652 -0.5933905907635064 0.2773248379862372 -0.3148271099494843
1732022822681207552 -2291.990479 -24.280373 1396.899139 -0.5336136612399427 0.2155395177891683 -0.29210345348213046
1732022822714548480 -2291.177002 -28.015863 1413.249985 -0.8960980565959629 0.37368758051360756 -0.35852772901220764
1732022822747889408 -2290.817139 -30.58497 1426.688858 -0.8400844300396679 0.44966556075798136 -0.44923635152855035
1732022822781229568 -2290.60083 -33.252941 1441.373108 -0.7318988718194414 0.7146112204465809 -0.45941919325688013
1732022822814570752 -2290.07666 -36.868282 1462.039764 -0.3747805547549025 0.9237654371423009 -0.4979858384283078
1732022822847911424 -2289.889404 -39.191967 1478.497742 -0.2330578862927155 0.9001213002069104 -0.5345237073083855
1732022822881252608 -2289.688965 -41.055641 1496.116272 -0.24047459127553283 1.08569889435528 -0.4784566125190197
1732022822914593536 -2289.691406 -42.829227 1519.846527 0.2884952330882765 0.8046928066692796 -0.45003887519547936
1732022822947934720 -2289.785156 -43.443913 1538.1972660000001 0.7310568476343254 0.18977637673257305 -0.40452171131030445
1732022822981275648 -2289.429199 -44.319733 1557.344055 0.9892468987775646 -0.10567087860049275 -0.31758286238953864
1732022823014616832 -2288.936035 -44.872082 1583.739624 1.3544890320809824 -0.5818550596027638 -0.13486940444969794
1732022823047958016 -2288.611816 -45.341564 1603.857513 1.6421438831402935 -0.9771750454310585 0.04835053638375755
1732022823081298688 -2287.673828 -45.753124 1624.153564 1.7843079856080042 -1.1967294523320307 0.2747936628241292
1732022823114639872 -2286.623047 -46.034954 1651.762695 1.9322041457207135 -1.5245169268550083 0.5945000040714268
1732022823147981056 -2285.410889 -46.411602 1671.63736 2.2808343424765924 -1.4655382785046096 0.8527050249314895
1732022823181321984 -2284.365967 -47.057819 1691.598816 2.5394499347257735 -1.505454583947508 1.01684421552933
1732022823214662912 -2283.326904 -47.529831 1717.89978 3.0109438922574765 -1.6229316944152492 1.0651536158775141
1732022823248003072 -2282.233398 -48.494053 1737.204895 3.315955772865622 -1.5206278176990247 1.0174341018865667
1732022823281344000 -2281.015869 -49.074097 1756.1329349999999 3.5354495600164104 -1.274089299791268 0.994944933258206
1732022823314685184 -2280.168701 -50.307541 1780.440063 3.709276402795542 -1.1008176315164537 0.8088548089478128
1732022823348026368 -2279.571533 -51.221592 1797.7982789999999 3.6753679640764103 -1.0399189806609392 0.7081976245161216
1732022823381367040 -2279.135742 -52.349861 1814.408142 3.424028997710486 -1.159559275762631 0.6466795065089455
1732022823414708224 -2278.637695 -53.747875 1835.7689209999999 2.756563478048394 -1.212675310485156 0.37320460884738427
1732022823448049152 -2278.556396 -54.527122 1851.457703 2.2663690053589787 -1.3733008776303752 0.2805353414831294
1732022823481390336 -2278.490479 -55.400051 1866.421875 1.7232369674526231 -1.736496711369647 0.15258375012034228
1732022823514731008 -2278.289062 -56.701828 1885.4539180000002 1.3778101310889634 -1.957444262791219 0.008417266277486098
1732022823548071936 -2277.498291 -57.704342 1899.3493039999998 1.1543954287259446 -2.048018778164533 -0.14006074834708493
1732022823581413120 -2277.439453 -59.093365 1912.818176 0.9957113250002926 -2.2458124350510573 -0.329746227395616
1732022823648094720 -2275.287109 -60.761181 1941.2502439999998 1.5348782635467313 -2.5273332407661924 -0.27890550418407084
1732022823681434880 -2274.118164 -61.396393 1951.914917 1.564262909801318 -2.4620823856049414 -0.31314426822532104
1732022823748116736 -2273.17334 -60.81715 1973.752563 1.4308078449094885 -2.4967054288103427 -0.1626430178484034
1732022823781457920 -2272.972168 -60.536667 1981.660156 1.3024976468237217 -2.269690522998702 -0.14604345668148408
1732022823814798848 -2272.918701 -60.287567 1990.975647 1.049781742508307 -1.9892288639866789 -0.19003631713327077
1732022823848139520 -2273.263672 -60.092838 1996.768616 0.9936611467547929 -1.7786235926726677 -0.2419870773712257
1732022824214893056 -2273.428955 -57.782162 1982.2448729999999 1.9478229905235682 -1.9776883792940558 -0.8206947940047518
1732022824314917120 -2272.597656 -57.498516 1947.411194 2.4193741354575544 -1.7506088601869856 -1.2270364479131326
1732022824514964736 -2270.878418 -55.127155 1854.716492 1.3539682094928924 -1.0750450452024214 -2.523776510281579
1732022824548305920 -2270.309326 -54.960045 1840.2769170000001 1.0568817638000074 -1.3075457986828718 -2.7605799060019947
1732022824581646080 -2270.091309 -54.762238 1825.3869630000002 1.017530556248689 -1.1521172198789882 -2.9469926615987716
1732022824614987520 -2269.637207 -54.465118 1805.986328 0.7514053588312468 -1.2071878948445154 -3.0892372419665657
1732022824648328704 -2269.468018 -53.979618 1791.181396 0.8106955213216099 -1.2723542145017273 -3.0719610720567108
1732022824681669888 -2269.485352 -53.68594 1776.250916 0.9861850383805985 -1.1342377219216313 -3.0550418224863947
1732022824715011584 -2269.929688 -53.141441 1757.102783 1.2254216647403333 -1.13492600241266 -3.1400693714179555
1732022824748352768 -2269.744629 -52.034725 1742.818726 1.2494160997272323 -0.9380310314311885 -3.036038471710548
1732022824781694208 -2270.036377 -50.738548 1728.402222 1.3234660331368786 -0.7070444653058985 -2.9936780592611147
1732022824815035136 -2270.314453 -49.634117 1708.857025 1.4253067180929109 -0.37276964932043866 -2.8483168619253134
1732022824848376320 -2270.454346 -48.522617 1694.453705 1.211426478781099 -0.007723176165087751 -2.739826264052629
1732022824881718016 -2271.000488 -47.140903 1680.223541 1.0700049227884583 0.19771592171033056 -2.5948606874160123
1732022824915059200 -2271.869873 -45.257393 1661.193939 1.1495025290323733 0.4691484428111722 -2.383924119932661
1732022824948400384 -2272.424805 -43.862682 1646.869751 1.2687937698488114 0.7663330917228276 -2.288843443414061
1732022824981741312 -2273.041016 -42.315327 1632.574402 1.3577390791323047 1.1722742721251165 -2.143359238416707
1732022825015081472 -2273.89502 -40.517719 1613.772949 1.528939227942965 1.640366761717042 -1.8651507614197917
1732022825048422656 -2274.846191 -38.845253 1599.914062 1.7213835095895575 1.8838589917702278 -1.7826973822010936
1732022825081763840 -2275.657959 -37.599915 1586.122009 1.8747703471238986 2.190783340842395 -1.6395458856381901
1732022825115105024 -2276.599365 -36.368519 1568.0548099999999 1.897985360051537 2.596958130350299 -1.3502965701735379
1732022825148446208 -2277.513428 -35.190292 1555.005096 1.6997327380429172 2.693782889195958 -1.1250054498198916
1732022825181787136 -2278.101562 -34.495121 1541.781372 1.5337675434893945 2.8455027532634887 -1.0755723871681035
1732022825215128320 -2279.111572 -33.848812 1524.762939 1.4951144558730245 2.7006108478183553 -0.7405254206263178
1732022825248469504 -2279.728027 -33.553158 1512.310425 1.3378511929711414 2.6817182549249927 -0.6855618327044379
1732022825281810432 -2280.413818 -33.362595 1500.941681 0.6755642050512257 2.9122646026910597 -0.46751264699395434
1732022825315151616 -2281.183594 -33.277573 1484.067932 0.9124677557306229 2.5415880753114526 -0.5694402240907082
1732022825348492800 -2281.792236 -33.063892 1472.494019 0.8671050528159435 2.397898622816192 -0.3314171478710609
1732022825381833984 -2282.067627 -33.010471 1461.283173 0.6472899131111668 2.296701539555383 -0.23158400440519142
1732022825415175168 -2282.328613 -32.695015 1446.7345579999999 0.3619621263552045 2.165428330684731 -0.026890135601896816
1732022825448515072 -2282.730225 -32.430164 1435.976883 0.4793108168071493 2.0073930044933594 0.20237824389350678
1732022825481856256 -2282.965576 -32.259583 1425.302383 0.49621785540252367 1.8537755311291875 0.3177429464617537
1732022825515197184 -2282.851074 -31.424978 1412.3582920000001 0.20777963705054525 1.6034526518390977 0.6168224358134753
1732022825548538368 -2282.844238 -31.303087 1403.114944 -0.09422962856897546 1.4457949568308532 0.6526460124062016
1732022825581879296 -2282.584961 -31.159775 1394.5561519999999 -0.18265302332604863 1.1536297706883885 0.6832770326141506
1732022825615220736 -2282.249512 -30.98382 1384.516953 -0.48130886332346723 0.9797393885124906 0.7145437857367808
1732022825648561664 -2281.737061 -30.660776 1377.487091 -0.631756750808217 0.7703052304487564 0.6507649371393961
1732022825681902848 -2281.379883 -30.540924 1371.7291109999999 -0.9636666928843295 0.6852865665400498 0.5085568302520248
1732022825715243520 -2280.626709 -30.457453 1365.891068 -1.4457787249103737 0.9337317643644124 0.5224865396726027
1732022825748584704 -2280.224854 -30.618906 1361.653961 -1.5759204026493523 1.0827920851573982 0.4387920374608904
1732022825781925888 -2280.320801 -30.793715 1358.196228 -1.3467218034584654 0.94267230205907 0.28336824861925886
1732022825815267072 -2280.580322 -30.948242 1354.202866 -1.0559853536092527 0.9516714197578604 0.19632332443039857
1732022825848608256 -2280.950195 -30.842072 1350.933228 -0.49001172348386784 0.520019654199875 0.04372928934403589
1732022825881949184 -2281.523682 -30.68504 1348.592636 -0.2882073493905408 0.49898921800888585 0.019085510025589097
1732022825915290112 -2281.891846 -30.714989 1346.107941 -0.7518392934960637 0.9252122134284422 0.13609575400837912
1732022825948631552 -2282.649902 -30.909002 1343.927124 -0.5903027661896104 0.5899852068010452 0.03592391166176093
1732022825981973504 -2283.593506 -31.15127 1342.491684 -0.21452294615197998 0.3858951752900409 -0.04389544017587279
1732022826015315200 -2283.335449 -30.62356 1341.550507 -0.3294003205573413 -0.3961481356556298 0.240239558183594
1732022826048656896 -2283.55249 -30.228437 1341.509781 -0.4404962656640604 -0.4645595712834162 0.20330176190817056
1732022826081998848 -2284.19873 -30.955008 1340.900772 -0.16418379732196214 -0.11509223096610548 -0.1691162025221821
1732022826115340800 -2284.004883 -31.030571 1340.728897 -0.13710305185991478 -0.0418337490156848 -0.1740150885356111
1732022826148682496 -2283.912109 -31.031183 1340.698563 -0.13998001740099092 -0.014204033905114084 -0.18321512861632772
1732022826182024448 -2283.939453 -31.054277 1340.605194 -0.16864007850920726 -0.0435505721443346 -0.1789859239691071
1732022826215366400 -2283.991211 -31.08073 1340.554794 -0.166106503499587 -0.01630740992992657 -0.16272556480888994
1732022826248708096 -2284.251221 -30.916784 1340.759003 -0.19152554195691093 -0.1019694575653018 -0.17802032578601212
1732022826282049536 -2282.999756 -29.477495 1340.625931 0.014165378679806573 -0.8711738841020457 0.11517817803028801
1732022826315391488 -2283.035156 -30.325195 1339.465988 0.39518320388071043 -0.19033541020327682 -0.4338515302973943
1732022826348732416 -2282.960693 -30.688198 1339.50708 0.3990165114782978 -0.3374191406660379 -0.3883048736798079
1732022826382074368 -2283.250244 -29.933893 1340.0535889999999 0.22260408316437955 -0.5230674653155782 -0.14531924482513128
1732022826415416320 -2283.21582 -29.851833 1340.168274 0.2738210340216683 -0.4945829673704984 -0.14554222851299628
1732022826448758016 -2283.210693 -29.948303 1340.168686 0.27393984731826837 -0.4817486725820632 -0.15728651082181822
1732022826482099712 -2283.067627 -30.70673 1339.625397 0.548604599626643 -0.8214084840667155 0.02944470455742597
1732022826515441920 -2282.993408 -30.326811 1339.841187 0.3526781856001557 -0.6240023776856112 -0.05443415518058581
1732022826548783872 -2283.074219 -30.717075 1339.592056 0.5497637911376343 -0.8192985436471714 0.0196195487514048
1732022826582125312 -2283.063232 -30.682272 1339.57428 0.5574063944438261 -0.8313195217312421 0.02835936053475966
1732022826615467264 -2283.281494 -30.016415 1340.127365 0.27326656799984517 -0.4497703430875571 -0.17224756897855248
1732022826648809472 -2283.25 -29.835606 1340.160736 0.2844303704942305 -0.4752164974994729 -0.1400105969960974
1732022826682151168 -2283.188721 -29.757557 1340.167984 0.29555506548119265 -0.5068494715831223 -0.13314843598451728
1732022826715493120 -2283.255615 -29.756123 1340.150772 0.2741605729418197 -0.5107579007558303 -0.11424088334079677
1732022826748835072 -2283.23999 -29.504219 1340.353973 0.25686573480090585 -0.5393445410922911 -0.08566527920766616
1732022826782175488 -2283.366943 -28.972559 1340.696487 0.13525495858037834 -0.7202852629731471 0.07249145117815685
1732022826815517952 -2283.460938 -28.727354 1340.68869 0.10484302949688562 -0.702846035470234 -0.0213562833103008
1732022826848859648 -2283.492432 -28.657326 1340.743484 0.11008185705769714 -0.7030812672179673 -0.04405000427187059
1732022826882201600 -2283.543701 -28.631248 1340.7244719999999 0.1299074964108423 -0.7260192041286121 -0.04720593541743617
1732022826915543552 -2283.57373 -28.719179 1340.687408 0.10285240601804346 -0.7161546616295845 -0.03705572103096401
1732022826948885504 -2283.56665 -28.680387 1340.721313 0.12031438093268405 -0.7105261864653998 -0.04434983979645388
1732022826982227200 -2283.535156 -29.044479 1340.47435 0.12166456204741369 -0.6722670118083601 -0.08176155453330772
1732022827015569408 -2283.505371 -29.086218 1340.366486 0.07735860186720539 -0.7490449422597335 -0.04912324211241223
1732022827048911104 -2283.1875 -31.071356 1339.181259 1.0239451164100002 -1.6587880739504433 0.5658752262016764
1732022827082253056 -2283.145996 -31.121885 1339.219879 1.0043910801782638 -1.6449631189939073 0.5730102057287264
1732022827115595008 -2283.46167 -28.917288 1340.515381 0.020797688569279833 -0.5979734812904538 -0.0272101781275985
1732022827148936704 -2283.475098 -29.085436 1340.443481 0.0282504932605849 -0.6091630996189022 -0.07059735704537641
1732022827182278912 -2283.518555 -29.128592 1340.365311 -0.008729652878301672 -0.6332796398687746 -0.06369528007345839
1732022827215620864 -2283.525146 -29.172342 1340.346924 -0.010269737926772072 -0.6264047035329362 -0.06566410075269512
1732022827248961536 -2283.537354 -29.133366 1340.35881 0.014560234676296453 -0.6446973788220731 -0.06737795618950305
1732022827282303488 -2283.524902 -29.163475 1340.3414 0.006360179067609984 -0.6456190021027693 -0.06612862350087947
1732022827315645440 -2283.450684 -29.300344 1340.382553 0.03296611473265229 -0.6101545403276909 -0.10061794683634086
1732022827348987648 -2283.509277 -29.159605 1340.352615 0.04429075090026947 -0.615100703242714 -0.10136777789788479
1732022827382329088 -2283.532227 -29.294413 1340.304459 0.024409927948242732 -0.6549701189012516 -0.10043911762585556
1732022827415671296 -2283.449463 -29.679121 1340.274704 0.025888496698021603 -0.6573143170909964 0.011740764632744899
1732022827449013248 -2283.393311 -29.648312 1340.2708890000001 0.038738618678713733 -0.6516438417147317 0.01416141204635063
1732022827482355456 -2283.287842 -29.671238 1340.310394 0.12319657854040007 -0.6497366652725997 -0.011269957860457482
1732022827515697152 -2283.240479 -29.545435 1340.482285 0.1439886261380405 -0.6505100180939762 -0.01001368260804915
1732022827549039104 -2283.218506 -29.537909 1340.458893 0.15202406041800953 -0.6577835465321498 -0.012274921661005737
1732022827582381312 -2283.222168 -29.52668 1340.447418 0.1493862350884741 -0.6679106070555154 -0.0018734376292790786
1732022827615723008 -2283.226562 -29.51333 1340.479065 0.15067884351728333 -0.6643156371253914 -0.012361741562069246
1732022827649065216 -2283.237305 -29.522596 1340.4650120000001 0.15163341540721947 -0.6633240096426893 -0.0040577832461620115
1732022827682405888 -2283.238525 -29.506269 1340.461578 0.15745466022993865 -0.6494843453948349 -0.005161115518169876
1732022827715748096 -2283.230713 -29.481571 1340.437164 0.1552267593938431 -0.6634929088017723 -0.006170182918278579
1732022827749090304 -2283.22876 -29.526897 1340.49353 0.15281513794375545 -0.659762960904089 -0.010305331747822314
1732022827782432000 -2283.250977 -29.507496 1340.4891969999999 0.12509615497894536 -0.6443827409572315 -0.007837019096338783
1732022827815774208 -2283.343506 -29.52702 1340.492798 0.1519665023432193 -0.6683141560494337 -0.021828661776249172
1732022827849115904 -2283.419678 -29.519991 1340.439575 0.1576226081551557 -0.693787715182027 -0.018258320366658722
1732022827882457856 -2283.326416 -29.521044 1340.468445 0.15299799844304998 -0.6641880921091865 -0.02200105150685411
1732022827915799808 -2283.321533 -29.538132 1340.452423 0.14757098387439793 -0.6750118823908412 -0.004937438499084474
1732022827949141504 -2283.260742 -29.479473 1340.479126 0.16227273614000623 -0.6770022595355 -0.015426432061199294
1732022827982483456 -2283.282227 -29.542356 1340.473495 0.14812936010632463 -0.6544313798725121 -0.012620661065130847
1732022828015825152 -2283.364014 -29.553139 1340.475021 0.15791863579087323 -0.6521554402746885 -0.02121080012209632
1732022828049166848 -2283.345947 -29.524872 1340.444626 0.1538483871016226 -0.6864233215437595 -0.019715315084761275
1732022828082508800 -2283.300537 -29.516277 1340.443085 0.1516697297287139 -0.6687084772315582 -0.005325674529922802
1732022828115849728 -2283.293945 -29.513735 1340.461456 0.16478433672788584 -0.6635311139761845 -0.0190889366101919
1732022828149191424 -2283.310791 -29.535496 1340.463638 0.14819364945574745 -0.6774201464975168 -0.0036263709612546742
1732022828182533120 -2283.311279 -29.519602 1340.458572 0.15194683873823087 -0.6675579731315234 -0.00864903893707413
1732022828215875072 -2283.303467 -29.488146 1340.448181 0.1674160463393598 -0.6655158522779944 -0.013405945990441185
1732022828249216768 -2283.330566 -29.481045 1340.478668 0.15656292795870674 -0.650388208867769 -0.014611421234125578
1732022828282558720 -2283.375732 -29.549837 1340.50914 0.14605309521620133 -0.6585188330446632 -0.020148670992637105
1732022828315900672 -2283.275146 -29.459318 1340.463074 0.16593693880925733 -0.6789575900230135 -0.010064909381320621
1732022828349242368 -2283.231445 -29.50815 1340.3839110000001 0.1966035659320145 -0.6502292225185263 -0.03798673724709664
1732022828382584320 -2283.30835 -29.484682 1340.473053 0.14371475864149974 -0.66007016289943 -0.017014451215815612
1732022828415926016 -2283.299805 -29.50749 1340.480179 0.14565595209908647 -0.6706662802187463 -0.020419698966349802
1732022828449267968 -2283.307373 -29.542604 1340.450333 0.13241304771514179 -0.6719990098420356 -0.009399841855355152
1732022828482609920 -2283.31665 -29.510698 1340.471985 0.15018217529821762 -0.673314034906024 -0.010537133485920107
1732022828515951616 -2283.325439 -29.519857 1340.484177 0.1402733885511077 -0.6820181312014792 -0.015818280389584598
1732022828549293568 -2283.302734 -29.504862 1340.473816 0.15012577350498565 -0.6642825494731178 -0.01579635979711366
1732022828582634240 -2283.320312 -29.487345 1340.49649 0.1490214033794155 -0.6598388642912625 -0.01816202867829389
1732022828615976448 -2283.306885 -29.516527 1340.4593810000001 0.14552555689234448 -0.6840618330221913 -0.007744484805043266
1732022828649317888 -2283.30542 -29.492857 1340.508713 0.15592045665450296 -0.676428167642502 -0.016763266974733636
1732022828682659840 -2283.331299 -29.470896 1340.467224 0.15700577111640263 -0.6693806246713212 -0.01638756935119155
1732022828716002048 -2283.365723 -29.472393 1340.469391 0.16903079429266205 -0.6843728424361198 -0.029114152154898182
1732022828749344000 -2283.40625 -29.495909 1340.4832000000001 0.16786718462289715 -0.6852803999051559 -0.03569780376608342
1732022828782685440 -2283.390381 -29.539173 1340.476776 0.15045957874124455 -0.6606840991940244 -0.02905800996893739
1732022828816027648 -2283.306152 -29.542929 1340.4586180000001 0.1350619435599168 -0.6667016188085332 -0.006830726779121123
1732022828849369600 -2283.23877 -29.56049 1340.4678959999999 0.1416396484946479 -0.6592423173436879 -0.014881457788586188
1732022828882711296 -2283.234619 -29.367344 1340.59375 0.08916609755716683 -0.7257693722788296 0.05266521371840773
1732022828916052736 -2283.283691 -29.506081 1340.469681 0.1353453212718957 -0.6626340082990011 -0.006340538366830346
1732022828949394432 -2283.300049 -29.502235 1340.460449 0.1284662647088615 -0.6531459875159232 -0.010902580996319255
1732022828982735872 -2283.294922 -29.523022 1340.437637 0.13054545989527308 -0.6595316476757894 -0.013643358045769646
1732022829016076800 -2283.294678 -29.534546 1340.453369 0.1404499234654879 -0.6507816498576442 -0.022513482442834375
1732022829049418240 -2283.297119 -29.526001 1340.454193 0.1468474566481517 -0.6560566210913902 -0.018860881098707535
1732022829082759936 -2283.304932 -29.537392 1340.428207 0.14156312717480343 -0.6750614908699355 -0.01123352002345332
1732022829116101120 -2283.307373 -29.535168 1340.444489 0.1465620865901909 -0.6740614749500152 -0.00876923421263366
1732022829149443072 -2283.30542 -29.524504 1340.477219 0.15086212615098563 -0.6612476138350861 -0.014392836707351302
1732022829182784768 -2283.30249 -29.535273 1340.424576 0.14301862529340395 -0.6698481591958644 -0.010376115265579959
1732022829216126464 -2283.310791 -29.529123 1340.426315 0.14439947779329432 -0.662461373550316 -0.006535922259324319
1732022829249467904 -2283.296143 -29.545851 1340.462234 0.154588161609708 -0.6596422446800526 -0.014727306632597827
1732022829282809600 -2283.284912 -29.531738 1340.476868 0.15506721811963425 -0.6661478414052735 -0.013191837167381983
1732022829316151040 -2283.291992 -29.4807 1340.469742 0.16164182885022005 -0.6668600810403656 -0.015580276723795009
1732022829349492736 -2283.30542 -29.48748 1340.464584 0.16540354741486124 -0.6730243379158003 -0.012029956502460002
1732022829382834432 -2283.309082 -29.525799 1340.463623 0.15110719638724968 -0.6706540546696509 -0.007101188970870133
1732022829416176128 -2283.332275 -29.523956 1340.462418 0.14738486357373315 -0.6817416329180254 -0.0072942150022312436
1732022829449516288 -2283.311035 -29.499323 1340.47818 0.15298317480726417 -0.659721905375297 -0.019588485437897225
1732022829482858496 -2283.287354 -29.503393 1340.478714 0.16172709500399 -0.6644603480306938 -0.010592468943400804
1732022829516199936 -2283.288818 -29.480755 1340.500412 0.15317432786298527 -0.6716273168428166 -0.007830814459095592
1732022829549541120 -2283.304688 -29.485344 1340.468277 0.1385696931013636 -0.6834481061899844 0.005676842657911728
1732022829582883072 -2283.321777 -29.51763 1340.448578 0.13951767838977147 -0.6797171975019972 0.0004329727927055035
1732022829616225024 -2283.324951 -29.506186 1340.475861 0.14999210965881096 -0.6834954379194028 -0.0024989990817292393
1732022829649566464 -2283.321045 -29.477921 1340.478134 0.15809905379338798 -0.673031606202409 -0.007317288419457627
1732022829682907904 -2283.312012 -29.483793 1340.494019 0.16174418016231729 -0.6722780067850355 -0.013353910329987624
1732022829716249600 -2283.315918 -29.508953 1340.467834 0.15727488524336058 -0.6900485271779504 -0.008195284766852428
1732022829749591296 -2283.320557 -29.480581 1340.4880679999999 0.16394110730369366 -0.6797220537363781 -0.01650019121696364
1732022829782932736 -2283.321777 -29.483746 1340.490738 0.1654981118812003 -0.6759950256979905 -0.01828027894001635
1732022829816274688 -2283.321289 -29.497364 1340.467194 0.1614330467200254 -0.6747122283274557 -0.013985790917559623
1732022829849616384 -2283.335205 -29.487089 1340.483246 0.16336258040006013 -0.6697815907336149 -0.015823647123703127
1732022829882957824 -2283.260498 -29.47508 1340.484314 0.15086299113366983 -0.6694764158209465 -0.009447420212096116
1732022829916298752 -2283.260498 -29.503172 1340.510056 0.13139494094256518 -0.6498612352249902 -0.0020057127403595642
1732022829949639936 -2283.391357 -29.534344 1340.461243 0.13666412721886134 -0.675096427254553 -0.0063630335490297155
1732022829982981632 -2283.420166 -29.504396 1340.449005 0.1691176508528993 -0.6814432091950449 -0.03420986361444469
1732022830016323584 -2283.329346 -29.463167 1340.428909 0.17086281498540637 -0.6754766240333733 -0.019543058482807324
1732022830049665024 -2283.309326 -29.459679 1340.461655 0.15448754028140618 -0.6652258771816213 -0.01699752579452079
1732022830083006720 -2283.307373 -29.510145 1340.46608 0.14222312347204447 -0.6778178231207733 -0.006513760093555685
1732022830116348416 -2283.300537 -29.473658 1340.486465 0.16150988771349065 -0.679842870180214 -0.012331842399254866
1732022830149689856 -2283.306641 -29.496445 1340.44754 0.15569426664538719 -0.6713475738289629 -0.0027456948298026844
1732022830183031552 -2283.299072 -29.470852 1340.482971 0.16717667736007147 -0.6748084147037978 -0.006599677237598998
1732022830216373504 -2283.267822 -29.449936 1340.42775 0.1674303446076455 -0.6796800076103068 -0.0058347701939211755
1732022830249714688 -2283.301025 -29.463009 1340.47316 0.15865676433145368 -0.6627073839876173 -0.014726329671318754
1732022830283056384 -2283.359863 -29.486885 1340.436218 0.1639716133817877 -0.6979370457045759 -0.02102436242694133
1732022830316398080 -2283.312744 -29.481945 1340.476379 0.1562506932717978 -0.6693325051164218 -0.009736543306681085
1732022830349738752 -2283.308594 -29.506334 1340.457764 0.14391798054936997 -0.6851454200138826 -0.01197629747063415
1732022830383079936 -2283.303223 -29.495838 1340.4814 0.16290944020179676 -0.6702457248474052 -0.011810809462881273
1732022830416421888 -2283.304688 -29.495375 1340.489929 0.14886077375548906 -0.6681801289141162 -0.014934626437940116
1732022830449763840 -2283.301514 -29.481001 1340.466476 0.14874284412942093 -0.6692410650314 -0.014333692287618544
1732022830483105536 -2283.313477 -29.492188 1340.4529420000001 0.16153862449499312 -0.6692925013120403 -0.017473933960186
1732022830516446720 -2283.309326 -29.497799 1340.475388 0.14960896432370013 -0.6724992349152014 -0.02027333457371658
1732022830549788672 -2283.299072 -29.513109 1340.462555 0.1466276428778152 -0.6799617920134898 -0.010066378301818621
1732022830583130368 -2283.326904 -29.514013 1340.433472 0.15287303070517078 -0.6712296323676994 -0.0053074122774278585
1732022830616472064 -2283.310059 -29.483065 1340.447678 0.15483438212640696 -0.6652890797213736 -0.012587693124511589
1732022830649813504 -2283.321289 -29.514421 1340.453598 0.149002242168635 -0.6793096665830282 -0.004693619680910134
1732022830683155200 -2283.328613 -29.511881 1340.447784 0.14713737370590416 -0.6725201789610454 -0.00430140746567537
1732022830716496896 -2283.30127 -29.496235 1340.460709 0.15589895757713423 -0.6642851869855416 -0.01339467741964196
1732022830749838336 -2283.291016 -29.476984 1340.4732060000001 0.15659940316853213 -0.6647118034777403 -0.01560528676375318
1732022830783179264 -2283.293213 -29.484249 1340.447113 0.16341949841478504 -0.6671746245927155 -0.015820261876661443
1732022830816520704 -2283.301025 -29.502682 1340.445129 0.16300191044206094 -0.662530216383492 -0.018045831104644243
1732022830849862656 -2283.294434 -29.524719 1340.45546 0.1478518645005766 -0.6571447355269352 -0.019125875465169452
1732022830883204096 -2283.311279 -29.51895 1340.462021 0.15872415015958327 -0.665735091158109 -0.021320166806556247
1732022830916545536 -2283.302979 -29.542509 1340.46582 0.16290582937095255 -0.6623537837393471 -0.02125370223464631
1732022830949887488 -2283.302002 -29.52466 1340.471069 0.15116785158859825 -0.659753258165051 -0.01777319537812175
1732022830983229440 -2283.304443 -29.600159 1340.377014 0.17723706959605043 -0.6445984559007069 -0.03328427087778912
1732022831016571136 -2283.291992 -29.575314 1340.434097 0.15294020009186438 -0.6667226664529056 -0.011976984992735648
1732022831049912832 -2283.286133 -29.577465 1340.438034 0.14203580545140704 -0.6658905145819846 -0.013860631030214728
1732022831083254272 -2283.287109 -29.548948 1340.476898 0.15092473109611368 -0.6667186667844689 -0.01517393138694533
1732022831116596480 -2283.328857 -29.460686 1340.4836579999999 0.16509467738639472 -0.6434977808409794 -0.023989435873463343
1732022831149938432 -2283.278564 -29.501492 1340.434998 0.15429076310351286 -0.66689347636165 -0.012672646934093739
1732022831183279872 -2283.275635 -29.555704 1340.435196 0.14123899629333073 -0.6699636308570954 -0.009792876456634143
1732022831216621824 -2283.336914 -29.454882 1340.489471 0.1763241108445729 -0.65455544788391 -0.023381972824867824
1732022831249962240 -2283.362305 -29.561567 1340.46785 0.1559640101455941 -0.6637761355161113 -0.02958099345729805
1732022831283303936 -2283.281982 -29.510069 1340.453949 0.14966781845585825 -0.65805868176443 -0.02102830914052537
1732022831316645888 -2283.295898 -29.543432 1340.4431 0.13710610763829525 -0.6719139473780992 -0.008481849694196693
1732022831349987840 -2283.393799 -29.547165 1340.46727 0.1486973510958716 -0.6761246229416846 -0.030729567235136583
1732022831383329536 -2283.220947 -29.504812 1340.470306 0.1504490552306249 -0.6675532669712462 -0.012192769719368144
1732022831416671488 -2283.297607 -29.508999 1340.45018 0.15435714631003178 -0.6615403795588769 -0.009399841876550033
1732022831450013184 -2283.299805 -29.526438 1340.469711 0.15505034198793868 -0.6633879441940479 -0.020235632462352
1732022831483355136 -2283.309326 -29.476461 1340.482178 0.13459563559920396 -0.6872051242095144 0.009076713047865361
1732022831516696832 -2283.300049 -29.520464 1340.471191 0.14485088303522775 -0.6687820693784211 -0.01508389893029139
1732022831550038528 -2283.283203 -29.506477 1340.4642939999999 0.15339585557744156 -0.6660863793790467 -0.016448014879114316
1732022831583380480 -2283.307129 -29.480751 1340.454666 0.14355699850417908 -0.6808574810075873 -0.004348140959599582
1732022831616721920 -2283.304688 -29.476347 1340.47731 0.15738704434970513 -0.6711902732195905 -0.012954414660763114
1732022831650063872 -2283.310547 -29.457731 1340.463043 0.16527209520359942 -0.6824259174259644 -0.009005965437440675
1732022831683404800 -2283.31665 -29.488552 1340.457764 0.142746006015921 -0.6754729898695606 -0.0029041655996874397
1732022831716746496 -2283.332031 -29.510622 1340.458832 0.14045725497362196 -0.6850474419976417 0.0014235802895037986
1732022831750088448 -2283.32666 -29.49719 1340.484787 0.1573455376520084 -0.681593613432459 -0.010561958943031352
1732022831783429888 -2283.317139 -29.459869 1340.496338 0.15392803766828433 -0.6803350865796447 -0.009193437302693943
1732022831816772096 -2283.308105 -29.503162 1340.46962 0.14237864177320347 -0.6792536600383193 -0.0037375173480801594
1732022831850113536 -2283.287109 -29.457279 1340.462616 0.1634041207711678 -0.6641769682734832 -0.008309876687746912
1732022831883455488 -2283.282471 -29.466499 1340.491211 0.15946501282939413 -0.6707348443303867 -0.010674037947249368
1732022831916797184 -2283.287354 -29.473715 1340.463501 0.15567415148164457 -0.6738601953322314 -0.009051756772865953
1732022831950138624 -2283.291016 -29.453157 1340.462112 0.155585069665474 -0.6625794601315622 -0.0037358602475358275
1732022831983480064 -2283.305908 -29.464935 1340.465897 0.1607081478119078 -0.663289784095975 -0.007805974839726463
1732022832016821504 -2283.286377 -29.416834 1340.486938 0.1616936515901828 -0.6735793351993202 -0.0047321206625068075
1732022832050162688 -2283.280029 -29.428785 1340.496628 0.15820460595637187 -0.6841852448655789 -0.000858648093496591
1732022832083504128 -2283.299072 -29.432827 1340.453186 0.14817292121618506 -0.679471356191569 0.009549612042409955
1732022832116844288 -2283.300781 -29.424618 1340.485703 0.15178124355563252 -0.6695243100215624 0.005014854587844104
1732022832150185984 -2283.336426 -29.364437 1340.531357 0.15281303658735007 -0.6584742643149779 -0.009959814348524294
1732022832183527424 -2283.291992 -29.53323 1340.399002 0.16747190021007666 -0.6282682481226229 -0.03495298495695974
1732022832216868608 -2283.305664 -29.473783 1340.458954 0.14936791200077587 -0.6631681014002608 -0.013584545317593356
1732022832250210304 -2283.316162 -29.464212 1340.459534 0.1559734360045275 -0.6734341161641746 -0.0063599368614387294
1732022832283551488 -2283.317383 -29.490417 1340.4641570000001 0.14516005945344218 -0.6686749466373269 -0.009155244025742195
1732022832316892672 -2283.323486 -29.495846 1340.454346 0.14932073197232643 -0.666209371232415 -0.010322266409599446
1732022832350234624 -2283.302979 -29.504343 1340.470047 0.14990634434948594 -0.6680335598572573 -0.017375688498547037
1732022832383575552 -2283.349609 -29.443079 1340.497681 0.15048579016281902 -0.6579339409915465 -0.028768046433562747
1732022832416917248 -2283.314941 -29.550867 1340.405197 0.1379888333680046 -0.6605692090211889 -0.007728481753727777
1732022832450258432 -2283.293945 -29.525677 1340.456635 0.14450519346714633 -0.6618142788584848 -0.019886101091891827
1732022832483599872 -2283.288086 -29.519808 1340.45343 0.1363497860935317 -0.6658938020415972 -0.011535677909611285
