1732024195138658304 -2339.174805 171.933121 1359.880951 0.06465102642818575 -1.1042308418393054 177.89225555115084
1732024195171902464 -2339.141846 173.36171 1369.344696 -0.3452053240688287 -0.898947974002345 177.3389973299944
1732024195205143040 -2339.320801 174.058716 1373.447235 -0.5128807667350779 -0.8622690592404643 177.12962370429747
1732024195238380032 -2339.793457 174.827011 1379.949127 -0.5770498236332599 -0.908398777748169 176.846818628728
1732024195271613440 -2340.38208 175.874405 1387.216537 -0.9735370903097197 -0.7512953544983886 176.578085591598
1732024195304843520 -2341.467773 176.788635 1394.7124939999999 -0.8524001830708923 -0.8298489505205563 176.38586226007857
1732024195338070016 -2342.06543 178.628494 1405.006729 -0.8155176046012917 -0.9167911605341231 176.2540065528288
1732024195371293184 -2342.589111 179.933548 1413.329224 -0.7826412697903091 -1.012303717646858 176.21743241079
1732024195404512512 -2343.259277 181.022812 1422.03363 -0.845155748798231 -1.0216765800732002 176.12919951954146
1732024195437727488 -2344.142822 182.648422 1434.090424 -0.772449258874065 -1.2400783777004634 176.18645701236628
1732024195470939904 -2344.516602 184.110275 1443.234985 -0.8557477939304156 -1.2315032274911215 176.2673486727645
1732024195504148736 -2344.713379 185.557053 1452.879745 -1.0289496260122213 -1.2578933317679717 176.3382474447439
1732024195537354496 -2344.954346 187.223969 1466.111115 -1.26369418360608 -1.2386446829691007 176.55020442025977
1732024195570556416 -2344.855957 188.498535 1476.192047 -1.3000727249489432 -1.2511081069725656 176.8137458586232
1732024195603755008 -2344.626709 189.946198 1486.401672 -1.3379154159205433 -1.259792367180766 177.00139565395762
1732024195636950016 -2343.684326 191.24881 1499.986603 -1.1005028049728136 -1.1633650301782752 177.32478429036692
1732024195670141696 -2343.186768 192.211914 1510.137146 -1.0109582481024224 -1.0996767245143382 177.54116202437254
1732024195703329536 -2342.235352 193.070435 1520.382416 -0.7352192823346645 -1.0089876752974465 177.69193772710642
1732024195736514048 -2341.095703 193.939102 1533.764984 -0.3740660668135545 -0.8184209979271211 177.90662543246407
1732024195769694720 -2340.404541 194.635193 1543.678772 -0.20441154622830757 -0.5943397416121443 178.02763076873532
1732024195802874368 -2339.536377 195.780579 1553.35968 -0.2719466744955812 -0.2952321296083114 178.1671863207769
1732024195836212480 -2338.505371 196.289978 1566.074768 -0.5692497077724566 0.07722610688458152 178.20021686981784
1732024195869549568 -2337.866455 196.881882 1575.388306 -0.38335929290228177 0.15681585602428735 178.3097563455094
1732024195902887936 -2337.44751 197.720642 1584.195465 -0.37362873525936935 0.3721447828149565 178.4688612894344
1732024195936225536 -2336.820801 198.769211 1595.971558 -0.3241848854698049 0.5659770921297647 178.675421987574
1732024195969563904 -2336.369385 199.448364 1604.662476 -0.330307627420119 0.5968046889815863 178.8754285345347
1732024196002901504 -2336.08667 200.436203 1613.339142 -0.19762124398619726 0.6464859615939459 179.02724010428116
1732024196036239872 -2336.031738 201.505646 1625.421509 0.1419808463337015 0.7240830339623376 179.22757778292743
1732024196069577728 -2336.089355 202.361206 1634.531982 0.3338125851268246 0.6703680093329827 179.2570835434868
1732024196102915584 -2335.739014 203.295166 1647.432495 0.4388349188528898 0.5189894683967033 179.31184767802952
1732024196136253184 -2335.443604 204.155884 1656.84433 0.504794813484905 0.4055545138548442 179.3002170356408
1732024196169591040 -2335.292725 205.170166 1667.129974 0.23350200185461045 0.5534299706297191 179.3074116290454
1732024196202928640 -2335.192383 206.628799 1680.494232 0.2980473950552282 0.5287330873952641 179.2931041887013
1732024196236266240 -2335.167236 207.664337 1690.706909 0.18310696913098354 0.5632954452315925 179.27274635082324
1732024196269603584 -2335.179932 208.770187 1701.285553 0.22736934337849968 0.5983130970570784 179.33709368403325
1732024196302939904 -2335.224854 209.931824 1711.765533 0.10344461822914403 0.8588470928714264 179.50163700377323
1732024196336277504 -2335.305908 211.359756 1726.141907 0.06931816642552227 0.8228350289405425 179.6629202220155
1732024196369614848 -2335.458008 212.484039 1737.356567 0.12688738019757628 0.812721522457208 179.86255205277064
1732024196402951936 -2335.454834 213.396851 1748.50354 0.22679795407109465 0.8175724366044276 179.97718016341403
1732024196436289280 -2335.626953 214.414703 1763.3851929999998 0.39629304422937767 0.7367828545866627 -179.9797179394098
1732024196469626624 -2336.022461 214.869263 1774.8382569999999 0.27980539312054103 0.6804718686762886 179.95015054650864
1732024196502963456 -2336.748047 215.483109 1790.118591 0.019179239297462975 0.5915868439201866 179.69733867807193
1732024196536300800 -2337.341553 216.012894 1801.444885 -0.22139890363843873 0.5005458745748166 179.56712327363002
1732024196569637888 -2338.26709 216.56424 1812.936829 -0.454888305855636 0.4826181642864799 179.37636322982067
1732024196602974720 -2339.37915 217.943161 1828.384338 -0.4722491102771675 0.2860018370102111 179.07881933383663
1732024196636311808 -2339.812012 219.2453 1839.6171259999999 -0.42429413360577045 -0.00847730200251671 178.91763508621622
1732024196669648640 -2340.281006 220.59024 1850.8272709999999 -0.36263645539289424 -0.23140768005720946 178.71858556205342
1732024196702985216 -2341.599609 222.175354 1865.513428 -0.36244746589062365 -0.2836355743950509 178.45275257516548
1732024196736322304 -2342.81665 223.70343 1875.841492 -0.43410381280739063 -0.4277184907479931 178.33832959310615
1732024196769658112 -2343.608398 225.214127 1886.0356450000002 -0.4459949024478851 -0.3028471418589774 178.17808005036855
1732024196802994688 -2344.896973 226.95488 1899.237854 -0.42263399555430436 0.05299576475528424 177.865242727433
1732024196836339200 -2345.627197 228.127518 1908.3854979999999 -0.2709105249672354 0.19602264037639955 177.630348161083
1732024196869683968 -2346.501221 229.612808 1917.35437 -0.16454992286844902 0.29604344411291994 177.37305369473808
1732024196903028480 -2347.588623 231.250519 1928.905945 -0.1274328010435895 0.4847781712049537 177.14515364828495
1732024196936373248 -2348.04248 232.493927 1936.915344 -0.07917177494966646 0.44180850711393294 177.03596368474123
1732024196969718016 -2348.579102 233.076797 1943.855957 0.5917540100899948 -0.17366288832004625 176.50936481768682
1732024197003062784 -2349.358887 234.426941 1953.0702509999999 0.5741389337505802 -0.34988861440243535 176.23405703522093
1732024197036407808 -2350.928223 235.94838 1958.960144 0.5431258469081975 -0.32201108114034477 176.5326970925063
1732024197069752320 -2350.45874 235.651917 1963.523865 0.8277606407569476 -0.6032872861833924 175.92587252489167
1732024197103097088 -2351.496582 236.238052 1968.2075810000001 0.43161827288018956 -0.31209853958325856 175.7530123883551
1732024197136442624 -2352.314209 236.318558 1970.344177 0.24420733400843506 -0.04215757035674916 175.57805381220092
1732024197169787648 -2353.239258 236.134888 1971.1417239999998 0.14669133937936782 0.2993052216988152 175.39028087260647
1732024197203131648 -2354.056396 235.726105 1970.203491 0.3432028041274077 0.5381163531821607 175.27476115240466
1732024197236476928 -2354.704102 234.999542 1967.90094 0.6016642134648896 0.6307826052816793 175.17927598273337
1732024197269822208 -2355.081787 234.344254 1964.2711180000001 1.1146908767952033 0.5884298120564587 175.14365897843314
1732024197303167232 -2355.560547 232.904541 1957.4933469999999 1.8056247746891556 0.4476850336599032 175.1193305338946
1732024197336512512 -2356.143066 231.660767 1951.410095 2.1404195491181826 0.41080627562473765 175.11314120895508
1732024197369858048 -2356.689941 230.686829 1944.5961909999999 2.130387941132922 0.5783523227648133 175.11079645326353
1732024197403203072 -2357.16748 229.111969 1934.516052 2.1316621725854352 0.7658331626056056 175.11410690287633
1732024197436548608 -2357.281494 227.74617 1926.259888 2.0172221804435377 0.9275540659097091 175.05364204385967
1732024197469893888 -2357.193359 226.275665 1917.298401 2.0659710108846427 0.9587770097561251 174.96845499030397
1732024197503239936 -2357.297607 224.284424 1904.8278810000002 1.9284315543493449 1.332879004014665 174.74482254059225
1732024197536585216 -2357.366699 223.319763 1894.706055 1.267160821168904 1.9798081967334853 174.5870456951806
1732024197569931008 -2357.223877 221.938431 1884.103333 1.7296650009133463 2.008055774129207 174.50886281090303
1732024197603276288 -2357.450439 220.249603 1868.603271 2.6708988668673923 1.679796799895462 174.35846522430347
1732024197636621312 -2357.764648 218.952118 1856.978577 3.0027214259291584 1.4608497217422534 174.19817309542194
1732024197669967104 -2358.098145 217.42099 1845.1918950000002 3.2143884092550374 1.2509277407840214 174.05898945971813
1732024197703312896 -2358.275391 215.780029 1829.1917110000002 2.9615623751412086 1.3278977493197763 174.1012730853502
1732024197736658688 -2358.516846 214.585571 1816.770203 2.6610890401286698 1.2642240075008757 174.14121456559693
1732024197770004480 -2358.82373 213.557419 1804.160156 2.629725847974982 1.0272350781807518 174.18286258698694
1732024197803350528 -2359.555908 212.976974 1788.258179 2.150647372240995 1.3845137717625842 174.59399792449165
1732024197836692736 -2359.427979 212.179291 1775.081482 2.132787391073609 1.344680624075806 174.75441309725943
1732024197870035712 -2359.37915 211.591034 1761.499268 2.2820538654618656 1.1232206700315301 174.8480695481558
1732024197903377920 -2359.274658 211.107681 1748.39679 2.2514426478553657 1.1006098140400822 175.02191901817028
1732024197936720896 -2359.149658 210.284332 1730.792175 2.1426518291481056 0.8900162495491016 175.21135385853106
1732024197970063104 -2359.056396 209.536209 1717.412659 1.8813726216626843 0.9116793864125521 175.40417368105363
1732024198003406080 -2359.233154 208.785278 1699.657379 1.8314757338358512 1.0349233312654822 175.57878439812484
1732024198036748288 -2359.199219 207.794144 1686.022522 1.8420036052921314 1.071557485730821 175.66939233029728
1732024198070091264 -2359.125732 206.887985 1672.330902 1.9104559607384364 1.0357766171894618 175.83430236474405
1732024198103432704 -2358.822998 205.154709 1653.872192 1.806096800543906 0.772051148515297 176.04100883366434
1732024198136775680 -2358.460449 203.726151 1639.602997 1.6725573682442207 0.6908403863052569 176.0941621902928
1732024198170117888 -2357.804688 201.942673 1625.367279 1.5639703581571514 0.5667433308972751 176.12910167516543
1732024198203460864 -2356.991943 199.475357 1606.342072 1.3762984440219175 0.42375515644117956 176.25737537858103
1732024198236803584 -2356.802979 197.525238 1592.1206670000001 1.2726174943161235 0.37971942416854054 176.28748650942666
1732024198270146304 -2356.524658 195.953293 1578.039337 0.9807906395030835 0.6249918183900155 176.23251673858672
1732024198303488768 -2355.765869 194.31192 1559.599579 0.8943200411151485 0.7697821231573173 176.14409100190716
1732024198336831488 -2355.12085 193.141663 1546.468628 0.6786443407593137 0.8515742407983196 176.1026683263509
1732024198370174208 -2354.241211 191.75174 1533.720123 0.47839525865169913 1.0016936589239265 176.0943551425443
1732024198403516672 -2353.484619 190.602982 1517.267944 0.44371184050881485 1.041192099412478 175.920776485841
1732024198436859648 -2353.061523 189.932999 1505.366394 0.5624944319906768 0.9994044155305493 175.7723196011493
1732024198470202112 -2352.423096 188.971527 1493.711273 0.6003163238408625 1.1303050441166886 175.64551679106498
1732024198503545088 -2351.552734 187.965363 1479.029907 0.4810169260896435 1.110639287595629 175.5053143548918
1732024198536886784 -2350.841064 186.997101 1468.3080439999999 0.4156679055727739 1.0001288573178897 175.48771109395955
1732024198570229248 -2350.498047 186.305618 1458.320038 0.29420765241242525 0.9239356557547606 175.49774512729275
1732024198603572224 -2349.26416 185.62207 1445.443085 -0.04976719152075575 0.7122845058036541 175.79838900114396
1732024198636914688 -2349.219971 184.583893 1437.21991 -0.20575147226076132 0.7860146663792487 175.8065749090786
1732024198670257664 -2349.282959 183.768555 1429.387085 -0.20681323050479067 0.8107652183225198 175.85278762813758
1732024198703600128 -2349.190918 182.633057 1422.005127 -0.20940436442385554 1.3531171281010146 176.23964735937895
1732024198736943104 -2349.14917 181.961624 1413.7400049999999 -0.051756146983781504 1.3085033362823408 176.3931116734278
1732024198770285568 -2349.049072 181.2211 1408.6075289999999 -0.07214319027437717 1.3556030837132906 176.57179565281618
1732024198803628288 -2349.026123 180.439651 1402.948151 -0.043332340962120325 1.417003323428883 176.7680952869486
1732024198836968704 -2348.894775 180.11235 1400.22554 -0.19370233564918515 1.1796275188524892 176.75774128404413
1732024198870308608 -2348.602783 179.171844 1397.908997 -0.21612509057967316 1.249847047747051 176.95165244999552
1732024198903648512 -2348.345947 178.677551 1397.45311 -0.2714069887228341 1.1587093605371332 176.99698691346651
1732024198936988672 -2348.349365 178.572845 1398.382339 -0.2245252148606702 1.0361465465430193 177.1443908921728
1732024198970327552 -2348.098877 178.616516 1400.518173 -0.12208109215983105 1.1548083229757187 177.08122740585742
1732024199003667712 -2347.979004 178.836136 1404.579437 -0.12217444838627971 1.1638090978591555 177.08052267980972
1732024199037007616 -2348.088623 179.302307 1410.169189 -0.23083681055347927 1.0413355979751293 177.00504163627897
1732024199070347520 -2348.119873 179.702957 1413.622803 -0.34218813608691934 1.0547948637034883 176.9910004993838
1732024199103687424 -2348.336182 181.226257 1421.795135 -0.5233865473651633 0.7419390259107578 176.79328256798078
1732024199137027072 -2348.640381 182.120636 1428.565155 -0.508318907411993 0.6824960298554905 176.8365943075712
1732024199170367232 -2349.041504 183.579422 1436.285156 -0.7139082108763491 0.6155802680140616 176.92242615621012
1732024199203706880 -2349.746094 185.884918 1447.128448 -0.8378243239688649 0.39098347862722926 176.99189457190764
1732024199237047040 -2350.247314 187.918549 1455.662842 -0.9370754604014389 0.31863820508670937 176.98239306637035
1732024199270386688 -2351.441162 189.511917 1464.93515 -0.739800205426292 0.45168780260264485 176.68263391772342
1732024199303726336 -2352.188477 191.955505 1476.87265 -0.8017233237590625 0.33076735005173075 176.6756590946232
1732024199337066240 -2352.902588 193.905289 1486.236633 -0.9187275493078977 0.3183044630757764 176.68512982523427
1732024199370405888 -2353.447998 196.269608 1495.9991459999999 -0.9402213596787395 0.1770333082468155 176.63868377319022
1732024199403745536 -2353.962646 198.416306 1508.618866 -1.2120363366195752 0.16741864226610723 176.6921431513849
1732024199437084416 -2354.075928 200.171875 1518.364777 -1.4595994130567056 0.15424658348780546 176.7570175923738
1732024199470424064 -2354.30127 201.991165 1528.394928 -1.5384060697412192 0.009448241020186918 176.73185450370812
1732024199503763712 -2354.340576 204.096436 1541.8924260000001 -1.7334480339475125 -0.12448048730335205 176.73912573757275
1732024199537103104 -2354.568848 205.76358 1552.459808 -1.9588746167335653 -0.09979337296608036 176.76047074513824
1732024199570443008 -2354.692627 207.480591 1563.541534 -2.0621274440957866 0.0198198906414612 176.77880097693523
1732024199603782400 -2354.705811 209.426239 1578.88736 -1.8734423053963212 0.083105462455483 176.71518009056533
1732024199637122048 -2354.665283 211.23877 1590.85199 -1.6966266048392655 0.2106816238416365 176.63707641218605
1732024199670461696 -2354.467529 212.944519 1603.111572 -1.4170628456317054 0.35401510164089856 176.499274462226
1732024199703801088 -2353.668945 214.888153 1619.572357 -1.2185991388762945 0.5460232466331012 176.22743877655424
1732024199737140736 -2353.27002 216.308258 1632.13974 -1.2039003762402585 0.6673268388311543 175.98649145567944
1732024199770480128 -2352.434814 217.565491 1645.028534 -0.7976871846849535 0.6275695634645914 175.86569104461736
1732024199803819520 -2351.317627 219.564255 1661.362549 -0.5297808301757629 0.5600246927283047 175.7039224154011
1732024199837160704 -2350.368896 221.286118 1673.554535 -0.3863063171556767 0.6996994364920477 175.63472506758922
1732024199870501120 -2349.284424 222.650223 1685.946106 -0.1348846471861148 0.5809404399666929 175.70895255536826
1732024199903842304 -2347.951904 224.99707 1701.896729 0.08641393751643907 0.6141298305982839 175.81230089832405
1732024199937183488 -2346.952881 226.424026 1714.0269779999999 0.05236804712381975 0.599088801736141 175.91199118951775
1732024199970524672 -2346.18335 227.660797 1726.475769 -0.21345004522406805 0.6887348301991353 175.98617860688623
1732024200003865600 -2345.318115 229.220047 1743.177795 -0.7714245183437342 0.8208048260555176 176.12194042777344
1732024200037206784 -2344.868408 230.294495 1755.4720459999999 -1.2308074318269344 0.9063490029419092 176.26004814635897
1732024200070547712 -2344.453613 231.485123 1767.879578 -1.6070272346089614 0.9737347957886201 176.28249265078202
1732024200103889152 -2344.349854 232.874832 1783.823425 -1.8240484437246058 1.1238545344575503 176.27876399211027
1732024200137230080 -2344.402588 234.002686 1795.328003 -1.9066540868757156 1.266579689614425 176.22812095601236
1732024200170571264 -2344.421875 235.20787 1806.434387 -1.6684812324659113 1.304889744605701 176.21720140672642
1732024200203912448 -2345.396484 236.304916 1821.5592040000001 -1.57344764874468 1.6627869445538237 176.24750153829092
1732024200237253632 -2346.195312 237.143433 1832.384399 -1.176601852258237 1.5720631775607052 176.33252147960704
1732024200270594816 -2346.560303 238.293198 1843.4955439999999 -0.9434155859499729 1.5100846473789382 176.48548881041444
1732024200303934720 -2347.866943 239.496231 1858.1918329999999 -0.5907120003877784 1.4943541607586672 176.72436768959028
1732024200337275904 -2348.736328 240.53476 1869.214661 -0.3539006481076373 1.332050771815022 177.01303735537024
1732024200370616832 -2349.445801 241.457581 1880.34137 -0.11648801431899586 1.096919067921395 177.24103662026445
1732024200403958016 -2350.471924 242.853928 1895.324097 0.0030853126928468907 0.8598758735319637 177.53531945474663
1732024200437298688 -2351.280762 244.090347 1906.050842 0.16101745437938889 0.6687941232694817 177.7076407174744
1732024200470640128 -2351.914795 245.393753 1916.400452 0.2276513790212285 0.5012984308079886 177.8352799734049
1732024200503981312 -2352.233398 247.547455 1929.717529 0.37389719121085546 0.1431912551532955 177.93938335864155
1732024200537322240 -2353.508057 248.745377 1939.665039 0.27279568287268974 0.0074955710536369355 178.0072014799897
1732024200570663424 -2353.428467 249.53595 1948.2498170000001 0.8346601385065058 -0.7505510602532368 177.78605343279753
1732024200604004352 -2353.668701 251.564484 1960.233765 0.6708545526613892 -0.8229856205448274 177.92580409242842
1732024200637345536 -2353.904785 253.16893 1968.4835209999999 0.69135616900385 -1.041192553209389 177.97584833787195
1732024200670686464 -2354.279297 254.777206 1976.603271 0.5688287381967922 -1.1286870173034949 177.95381568971882
1732024200704027648 -2354.53418 256.700134 1986.675232 0.32801715834731265 -1.0521446541586148 178.02280454420412
1732024200737368320 -2354.739746 257.929962 1993.349792 0.20166923845732582 -1.0487595983254654 178.00291105222885
1732024200770708480 -2354.788574 259.02597 1999.0356450000002 0.19402164585040257 -1.0037529905591154 178.00430467874114
1732024200804049408 -2355.153076 260.365967 2005.3804930000001 0.32212635617733176 -1.021888263384364 177.87109549610238
1732024200837389824 -2355.39209 261.1026 2009.082703 0.19023702160556813 -0.8466403394415124 177.79429958239444
1732024200870730240 -2355.629639 261.775696 2011.18689 0.14810611000349905 -0.7617215641840936 177.76401127461057
1732024200904070400 -2355.956299 262.419037 2011.972473 0.03906037653783666 -0.5714145583401237 177.72493808873784
1732024200937410304 -2356.093506 263.086304 2010.368103 0.22179621150344003 -0.564995942531766 177.75101179960456
1732024200970750720 -2356.250488 263.187744 2006.84613 0.40122931113696036 -0.6131883415316999 177.77882915253932
1732024201004091136 -2356.186768 263.102173 2000.1987299999998 0.3873236103112575 -0.5911080912673203 177.9156794872399
1732024201037431552 -2356.111816 262.624359 1993.923157 0.3598676762311643 -0.4124877326740133 178.01981413561248
1732024201070771456 -2356.151367 261.941467 1986.141113 0.5913786533657048 -0.6230909551089596 178.0089699012359
1732024201104111872 -2355.702637 260.221741 1974.2124019999999 0.6060085855069669 -0.6202924338332909 177.98754576828816
1732024201137451520 -2355.439209 258.906555 1964.2866820000002 0.7601738527785531 -0.7145540249817799 177.87167377987663
1732024201170792448 -2354.875244 257.40213 1953.469177 1.0857264568371565 -0.8713941821176704 177.71774412182717
1732024201204131328 -2354.324219 255.134781 1938.240845 1.491278808564274 -0.8769429776838492 177.60697638957794
1732024201237471488 -2353.898193 253.511932 1926.1694340000001 1.7673872572989253 -0.9467363664573264 177.56195374449194
1732024201270811904 -2353.47876 251.789612 1913.2792359999999 2.136798693696461 -1.082887266302322 177.56117946717129
1732024201304151808 -2353.022461 249.229065 1895.0302729999999 2.716233216605289 -1.4452174621784917 177.46039471458747
1732024201337491968 -2352.777588 247.201355 1880.856384 2.9042438333395304 -1.495608661019535 177.37994381184947
1732024201370831872 -2352.73999 245.167603 1866.403564 3.0174661723959577 -1.544992430353538 177.21654728493448
1732024201404172288 -2352.722656 242.07579 1846.25592 3.0534373995282045 -1.6675629889120702 177.12229328415071
1732024201437511936 -2352.854736 239.93457 1831.4758299999999 2.9507827146068557 -1.598466621419158 177.02498314792658
1732024201470852352 -2352.970703 237.675247 1816.801025 2.8187452699687148 -1.6466152266254481 176.9535425454169
1732024201504192256 -2353.15625 234.730469 1797.350281 2.5441584341274686 -1.634231351726652 176.9688492264001
1732024201537532672 -2353.285645 232.549011 1782.66272 2.4686322575996087 -1.6424397716890768 176.97310274846242
1732024201570872320 -2353.259766 230.473679 1767.79834 2.5227416782347314 -1.8063668862056443 176.97366408240762
1732024201604212736 -2352.994873 228.032761 1747.876282 2.5906698677814486 -1.749630765143323 177.06409753805187
1732024201637551872 -2353.250732 226.86998 1732.97937 2.420494051262179 -1.2493402397045617 177.47184061888302
1732024201670892032 -2352.951416 225.241745 1717.445923 2.5290258200413525 -1.1465571480543282 177.57546953204303
1732024201704231680 -2352.432617 223.02916 1696.668915 2.742884207813689 -1.0795576444105688 177.57351995408348
1732024201737571840 -2352.313965 221.642822 1681.192596 2.7205918240014966 -1.0039800901794638 177.66167650746863
1732024201770912000 -2352.070312 220.367859 1665.738403 2.5211628569124187 -0.9737808475798222 177.69196691151393
1732024201804251648 -2351.693115 218.398743 1645.397675 2.3938411581988697 -1.109729108097771 177.75059356965232
1732024201837592320 -2351.405762 217.123459 1630.991364 2.1238642503776735 -1.1165800708791904 177.69325337516912
1732024201870932736 -2351.268311 215.899246 1616.440704 1.7944830728189718 -0.9730856410970163 177.68720091839026
1732024201904273408 -2351.041504 214.023682 1598.0233759999999 1.4935718045446973 -1.032242379883489 177.6920922504115
1732024201937613824 -2351.182861 212.754089 1584.860352 1.2717418955425717 -0.9310276077658538 177.64720823224323
1732024201970954496 -2351.505127 211.51123 1571.975403 1.0627046235043016 -0.6668783006317334 177.59798131435986
1732024202004294912 -2351.920898 210.222214 1555.345337 1.0696197080541971 -0.5166001189982111 177.36687667287887
1732024202037635072 -2352.017578 209.287292 1543.504852 1.025853412792718 -0.5435203181003949 177.17991694168427
1732024202070975488 -2352.104004 208.491974 1531.940369 0.40524555940844 -0.2211008842506601 177.05539334558225
1732024202104315136 -2352.956787 207.473679 1517.293549 0.4323587926702896 -0.14610712959926184 176.95708367484724
1732024202137655552 -2353.314697 206.82251 1506.67218 0.25423104107348915 -0.009562792965674987 176.79003519520606
1732024202170996224 -2354.318115 206.151917 1496.325653 0.3554142188715998 0.17750433273290583 176.68392597344115
1732024202204336384 -2355.237549 205.447479 1483.191559 0.3206334492144082 0.26659189609821843 176.49613833692024
1732024202237676800 -2356.077148 204.809723 1473.732422 0.07162075248090745 0.4113871909483415 176.52423556631462
1732024202271017216 -2356.876953 204.037994 1464.657806 -0.21384478593312314 0.40256491916018816 176.58236961858884
1732024202304357888 -2357.015137 204.079651 1452.701233 -0.3288722841083751 0.06644542090111821 177.03208305907165
1732024202337698048 -2357.467041 203.177856 1444.597992 -0.570096622814081 0.1168680024550702 177.19402677050599
1732024202371038464 -2357.944824 202.27594 1437.156342 -0.7614937363191879 -0.052495917461609934 177.2513813133883
1732024202404378624 -2358.356201 201.471771 1428.11879 -0.9840255995317352 -0.11379119004502095 177.43098151837592
1732024202437719040 -2358.619629 201.292007 1422.224884 -1.2214107444634938 -0.17710225742681163 177.5385284825772
1732024202471059200 -2358.918457 200.732422 1416.677963 -1.192927717138555 -0.3445223048987952 177.71259508948438
1732024202504399872 -2359.101807 200.385269 1410.4687040000001 -1.0928246880772732 -0.4220051268391987 177.93420699619406
1732024202537739008 -2359.334717 200.544464 1406.886307 -0.8976494791419234 -0.5359653019286349 178.05070285149264
1732024202571079424 -2359.856445 200.088882 1403.559586 -0.9318688331873664 -0.5398976283238996 178.16207990761316
1732024202604419584 -2360.522217 200.021881 1400.402634 -0.8092864373807342 -0.43240338111371446 178.3299872177409
1732024202637759488 -2361.0896 200.875763 1399.808563 -1.0726980988929522 -0.6427814911671333 178.0699669494801
1732024202671099904 -2361.526855 201.514404 1400.0577700000001 -1.1177517573910274 -0.6872775361466412 177.99838595255446
1732024202704440320 -2362.384277 202.306152 1402.2143859999999 -1.2812591028469127 -0.6125646628064373 177.95817561806638
1732024202737780480 -2363.061768 203.236298 1405.623352 -1.3307765363244004 -0.5836759224667871 177.8388716861517
1732024202771120896 -2363.805664 204.021652 1410.05983 -1.4258703028217872 -0.6650887169178654 177.57588456124807
1732024202804461312 -2364.352539 205.87735 1418.639664 -1.6615298366597568 -0.6505543161136378 177.33318800168064
1732024202837803008 -2364.50708 207.026535 1426.133041 -1.81678992625209 -0.6293488642769609 177.30210040665568
1732024202871143936 -2364.866943 208.805008 1434.878754 -1.8538987393879287 -0.6298858739543316 177.13981222420472
1732024202904485888 -2365.935303 210.68013 1447.897842 -1.7076478078423827 -0.37862406309526475 176.77588099782065
1732024202937827072 -2366.164062 212.82019 1458.355774 -1.7833361777638361 -0.14164750133969226 176.75556098654332
1732024202971167488 -2366.080078 213.928589 1467.8718569999999 -1.3865181906076016 0.21141276483723095 176.9711086736775
1732024203004509184 -2365.630615 216.83577 1482.076355 -1.415435416235238 0.25575417850391274 176.96664015013235
1732024203037850880 -2365.209229 218.782944 1492.684387 -1.3785003083933383 0.18454193064600463 176.99380596896205
1732024203071192320 -2364.369629 220.227921 1502.968719 -1.5846781532660725 0.2767474813731676 177.18654168313518
1732024203104534016 -2363.470215 222.324005 1516.934845 -1.7473564647736504 0.19968709014793384 177.37428256780453
1732024203137875456 -2362.804199 223.892654 1527.367798 -1.9385207929394637 0.12570076847058378 177.46421819438976
1732024203171216896 -2361.867188 225.240021 1537.580536 -2.1630473942655333 0.09104408343817573 177.56352888841766
1732024203204558336 -2360.652832 226.25592 1551.770416 -1.762468504838878 -0.1896558099360973 177.6690016870838
1732024203237900288 -2359.50708 227.25087 1562.262207 -1.8622898681723012 -0.1931955066582777 177.7718568230304
1732024203271241472 -2358.553467 228.150681 1572.788971 -1.8246787220678564 -0.31873994709938397 177.8003030321411
1732024203304583168 -2357.727539 229.19577 1587.241486 -1.7260513252763476 -0.4873389017985623 177.75718088548805
1732024203337924608 -2357.550293 230.011703 1598.580688 -1.7043273543301332 -0.3665702141712136 177.7170959538587
1732024203371266048 -2357.242432 230.383682 1609.644684 -1.524502112598261 -0.32670356017485863 177.58515547144236
1732024203404607488 -2356.734863 230.752075 1625.090393 -1.3233759922926738 -0.23899512075318682 177.44826249492658
1732024203437947904 -2356.613525 231.178055 1636.3969730000001 -1.0493784623479665 -0.22896640702884566 177.2981558804022
1732024203471289856 -2356.54248 231.390228 1647.869965 -1.0166363907723561 0.045208239312433035 177.14078989778366
1732024203504631040 -2356.740967 231.829819 1662.715881 -0.7611350107202763 0.13143307230976736 176.95099124278656
1732024203537972736 -2357.13501 232.285385 1674.207092 -0.5862590308828607 0.145133693267064 176.86366900393097
1732024203571314432 -2357.30542 232.635529 1685.588135 -0.4860471586831023 0.1761973862073273 176.81427993779144
1732024203604655616 -2358.033203 233.557846 1700.173767 -0.20000430207834946 0.22252789976992865 176.7552298189338
1732024203637997312 -2358.490479 234.449783 1710.714752 -0.1532682270823545 0.18449652250088003 176.76372909523388
1732024203671338496 -2358.976562 235.168579 1721.3035280000001 0.17326987240761485 0.06693639529206288 176.72789987820872
1732024203704679936 -2359.666748 236.343521 1735.319092 0.1599315109569718 0.037364662689871854 176.64911079889796
1732024203738021888 -2360.469727 237.266037 1746.080078 0.12914314846791103 0.03944026388577169 176.57908187930968
1732024203771363328 -2361.173584 238.685852 1756.9776000000002 0.23102273778007026 0.0434302765584383 176.493961881904
1732024203804705024 -2361.84668 241.097275 1771.2902219999999 0.2507080549289913 0.012283505507049666 176.26135598536004
1732024203838047232 -2362.130371 243.214996 1782.235901 0.3394184559291989 0.021770012983902163 176.1182225738064
1732024203871388672 -2362.991211 244.946564 1793.1364139999998 0.22500296550405802 0.1866057288545231 175.97426209912342
1732024203904731136 -2363.568848 248.643661 1807.90155 0.1285759030022523 -0.06669217523677642 175.80581878073968
1732024203938073856 -2364.314697 251.075546 1819.090027 -0.2334314498969685 -0.1846483660714968 175.6885244939384
1732024203971416064 -2365.274902 253.331848 1830.2351680000002 -0.5437257882431905 -0.2538910205111437 175.6342428518583
1732024204004758528 -2366.687012 256.302246 1845.1570430000002 -0.9983896456392982 -0.3275562327201912 175.5539498426892
1732024204038101248 -2367.827881 258.651794 1855.833801 -1.3393619367312888 -0.5269078824331553 175.52019804918945
1732024204071443456 -2368.942139 260.967834 1866.360718 -1.7470738232767926 -0.4850266328252415 175.58232332864267
1732024204104785920 -2370.157227 263.351074 1879.891174 -2.0768327186078994 -0.672289121183397 175.54548098663662
1732024204138128640 -2370.717529 264.933044 1889.701233 -2.42758527937091 -0.8124662484751917 175.5954669698031
1732024204171471104 -2371.434814 266.701447 1899.2280269999999 -2.5639127883837105 -0.8423281441955917 175.6541231215417
1732024204204813824 -2371.897461 268.648773 1910.940857 -2.5366234844679543 -1.0243782760956275 175.76875729179585
1732024204238156288 -2371.955811 269.644562 1919.422424 -2.8385628064616637 -1.0833626731142043 175.87965898187892
1732024204271499264 -2372.0979 270.254333 1927.2436519999999 -3.01069557116769 -1.228104438352961 175.97325789233872
1732024204304840448 -2371.984619 271.097656 1936.606201 -3.2517453044235656 -1.3786585303325725 176.0584650145538
1732024204338183168 -2372.158203 271.522736 1942.778076 -3.4483230364486213 -1.4043476884835933 176.07486764717837
1732024204371525888 -2372.040039 272.326599 1948.2524409999999 -3.4564755203359283 -1.2795481559568864 176.11575489000154
1732024204404868096 -2372.075195 272.873352 1953.056824 -3.3579466777711673 -1.3298904110659848 176.08438486127815
1732024204438211072 -2371.950195 273.380096 1955.128357 -3.1598195652981294 -1.2132888490279659 176.0722184751542
1732024204471553536 -2371.949463 273.611755 1955.642212 -3.1308520973200307 -1.012176633096831 176.00759979136922
1732024204504896256 -2371.6604 273.592957 1953.79071 -2.7029363709878784 -1.0394014964353857 175.90146155393379
1732024204538238720 -2370.697021 272.626617 1949.913635 -2.29359830070338 -1.4782726070236278 175.5483462700042
1732024204571581440 -2370.799561 272.441559 1945.949097 -2.677959689083998 -1.0748757090829353 175.7589414429921
1732024204604923904 -2369.378906 270.977905 1937.458923 -2.740754166048121 -1.3841204938440859 175.62543440009983
1732024204638266880 -2368.74292 269.455261 1929.8339839999999 -2.8025191860374523 -1.3582478655006125 175.61116475073575
1732024204671609088 -2368.719727 267.546936 1921.011841 -2.9362486117560747 -1.1023395707188919 175.50980939069382
1732024204704952320 -2368.042725 265.000336 1907.24646 -2.4073945695362053 -1.0830233681476427 175.35885148582508
1732024204738294272 -2367.416992 262.876343 1895.8923340000001 -2.2084400134495907 -0.926624423455478 175.26245710992134
1732024204771636480 -2366.902344 260.753052 1883.6477049999999 -1.879785479272594 -0.7624550378165953 175.1893932140803
1732024204804979200 -2366.384766 257.513458 1866.025208 -1.560204445772865 -0.7868008514278421 175.03982017620828
1732024204838320128 -2366.021484 254.549606 1852.556458 -1.2743001134063183 -0.7759841275950886 174.91652498078525
1732024204871661568 -2364.621826 251.083603 1837.3400880000002 -0.46872289369774345 -1.466131670786264 174.49819379490876
1732024204905002752 -2364.828125 247.931976 1818.365356 -0.7171527371855715 -0.7440805244793628 174.62495428496106
1732024204938343936 -2364.11499 245.39328 1803.014099 -0.47663521910315554 -0.5250696633927914 174.46678677772155
1732024204971685120 -2363.743164 242.092224 1787.554321 -0.2570815183354483 -0.45837812071231243 174.30031819767802
1732024205005026048 -2363.243896 238.300446 1767.3344730000001 -0.11234350751488496 -0.16798677353611685 174.13185741815087
1732024205038367488 -2362.438721 235.960587 1751.729004 0.2065094647625729 -0.02897360936588946 174.07046599294895
1732024205071708416 -2362.330566 233.454529 1736.43396 0.4080147093276073 0.2724597248418972 173.93145810654806
1732024205105049856 -2361.692383 229.986679 1716.213745 0.3778108675242337 0.5522398448355648 173.96788025876796
1732024205138391040 -2361.478271 227.757217 1700.882812 0.47102166122132677 0.695940532937047 174.01788719542344
1732024205171732224 -2360.997803 225.595749 1685.493103 0.6223805434532446 0.6342841943776066 174.05020793030144
1732024205205072384 -2360.36792 223.159576 1664.777405 0.8493235754844171 0.5673074385081023 174.32843957312542
1732024205238413568 -2359.891357 221.430801 1649.246368 0.7350266861003947 0.4697097372966864 174.55569245798887
1732024205271754752 -2359.257568 220.07431 1633.933624 0.5047857167659826 0.362132049941055 174.76338631994707
1732024205305095680 -2358.600098 217.894043 1614.558716 0.1166590793415579 0.08271866930971046 175.14713917866163
1732024205338437120 -2358.240967 216.141586 1595.337982 -0.07138032384127312 -0.18235591762748035 175.6211916372766
1732024205371778048 -2358.012695 215.295944 1580.838226 -0.2580620594835785 -0.21701888187900106 175.90467162219005
1732024205405119488 -2357.587402 214.260422 1567.239807 -0.19290562468213376 -0.26783611844650407 176.10996741632144
1732024205438460672 -2357.107178 212.947083 1553.768311 -0.10621782767370569 -0.1441161818879524 176.27955850278423
1732024205471801856 -2356.799805 211.661484 1540.594543 -0.21302884380073794 0.1496656606365007 176.34502110520776
1732024205505143040 -2356.379639 210.027725 1523.105347 -0.12782359471919466 0.2382147858072632 176.4614289821925
1732024205538483968 -2356.021973 208.440887 1510.720978 -0.26223161864227545 0.18863920129305758 176.4996002217964
1732024205571825152 -2355.255615 207.077545 1498.738922 -0.5633603259020178 0.16930150923380008 176.38888283205713
1732024205605166080 -2354.652344 204.612961 1483.35434 -0.9552334669810704 0.08772053983107991 176.19414373751522
1732024205638506752 -2354.440918 203.183929 1471.904755 -1.2449750978258742 0.1507024259232225 176.00023718746104
1732024205671847680 -2353.534912 201.848022 1461.209869 -1.463741968063298 -0.09137711153938768 176.13124399513586
1732024205705188864 -2353.486816 199.55632 1448.1339110000001 -1.4660882351571727 0.15160143464527548 175.8378543381231
1732024205738530048 -2353.865967 198.099915 1439.404251 -1.3481965425857683 0.33073478446570226 175.69014557451948
1732024205771870720 -2354.58374 196.710709 1431.268188 -1.1394100754125933 0.5603620277900936 175.55141460231062
1732024205805212416 -2355.042725 194.859131 1421.049164 -0.9461859400641007 0.7768956570327289 175.44387158202028
1732024205838552832 -2355.470459 193.793533 1414.5527339999999 -0.8773691019195771 0.8028868232313018 175.47443238183337
1732024205871893504 -2355.487061 192.583694 1408.725113 -0.8358427014000347 0.7999904828414308 175.44048225679796
1732024205905234688 -2355.628418 191.80191 1402.047836 -0.85186739802955 0.746624682709613 175.40966063332635
1732024205938575104 -2355.460938 191.004822 1397.559738 -0.9396212464759097 0.7990721671195444 175.5365844839939
1732024205971916032 -2355.157959 190.358414 1393.887573 -0.9011983328394869 0.7550665165560082 175.61256381550533
1732024206005256704 -2354.5 189.805405 1390.7677 -0.9332023964186311 0.5941664570722958 175.68351037454755
1732024206038597120 -2354.428955 189.560547 1389.8943179999999 -1.0103783418289636 0.45622822155993814 175.75629505552905
1732024206071938048 -2354.049805 189.749939 1390.118942 -1.228654431038753 0.3906968599275413 175.81732384692046
1732024206105277696 -2353.730957 190.044739 1392.456848 -1.3411861094321116 0.21565739343904322 175.85940805992252
1732024206138618368 -2353.625 190.68364 1395.654297 -1.5313288366820483 0.29185762177104585 175.94689876330224
1732024206171959040 -2353.569824 191.623322 1399.975204 -1.5544668189144162 0.23220499451102644 175.97518406344827
1732024206205299968 -2353.716064 193.128311 1406.844742 -1.4437408135849503 0.18781972182330017 176.10730140647598
1732024206238640384 -2353.710938 194.487488 1412.878525 -1.3814907631112905 0.16800757430784494 176.17377486726576
1732024206271981312 -2353.889404 195.669937 1419.476196 -1.4690464891451418 0.15503084646587106 176.33037585587033
1732024206305321984 -2353.890137 197.915909 1429.824478 -1.7556476945018682 -0.05704551194381566 176.39417102681466
1732024206338662400 -2354.079834 199.691498 1437.941711 -1.9162334085764696 -0.16589499067996152 176.49070806392612
1732024206372003328 -2354.30127 202.029694 1446.543472 -1.962756332272878 -0.3346450646926607 176.53975934504444
1732024206405343488 -2354.820312 205.288727 1458.2143859999999 -1.9492770355026714 -0.3719645542203882 176.7360804923945
1732024206438684416 -2355.072021 207.659683 1467.3092649999999 -1.9459075356241657 -0.45199609743894076 176.84811786340447
1732024206472024832 -2356.058594 210.235031 1477.673309 -1.9550515320652258 -0.1190921182532293 176.59502976913836
1732024206505365504 -2356.358398 213.723419 1490.714325 -2.031842625116135 -0.15057068655735048 176.70972213405867
1732024206538705152 -2356.649414 216.518051 1501.232361 -2.270422833727794 0.09324346013124611 176.8093215464679
1732024206572045824 -2356.777832 218.930527 1511.906311 -2.4148448269428777 0.221755237898116 176.97552422235037
1732024206605386496 -2356.588867 222.871826 1527.031342 -2.722985679386319 0.09052690109031346 176.9774621021189
1732024206638727168 -2356.394287 225.833405 1538.1511229999999 -2.6115539955866396 -0.04556117888398957 176.92978431827234
1732024206672067584 -2355.780029 228.495041 1549.7345579999999 -2.2418449621828036 -0.20423446028608136 176.8317788184816
1732024206705408256 -2355.184814 231.945114 1564.845032 -2.2207452238805376 -0.32773324219122163 176.7387292446393
1732024206738748672 -2354.423828 234.407288 1576.190155 -2.297666569865241 -0.44885143694511986 176.617018060501
1732024206772089088 -2354.163086 236.848495 1587.769531 -2.4743585380111974 -0.4392263035043706 176.5490643043552
1732024206805429504 -2354.038086 239.504517 1603.9141240000001 -2.648515655082481 -0.4047175646408074 176.5289219274974
1732024206838770688 -2353.805176 241.456284 1615.882477 -2.6000305934727717 -0.29107759858605636 176.4919445558857
1732024206872111104 -2353.671631 243.41954 1627.8039549999999 -2.447919010236911 -0.18397076096946224 176.4446055060446
1732024206905452288 -2353.529297 245.914261 1643.9194340000001 -2.1305176913081176 -0.08869527272490481 176.4221387788043
1732024206938792704 -2353.670166 247.54425 1656.065887 -1.910830964364352 -0.03541959140962763 176.3533606754323
1732024206972132864 -2353.885986 248.936356 1668.2708440000001 -1.6003102733613153 -0.14751841650905326 176.29224765212157
1732024207005473536 -2353.993652 251.001343 1684.433777 -1.0681910080175363 -0.35851163091976807 176.14278267833777
1732024207038814208 -2354.3479 252.631226 1697.221924 -0.6316211343964082 -0.4034056885615819 176.02071674153805
1732024207072154880 -2354.973145 254.250443 1710.212616 -0.17681219746467766 -0.38988901323416836 175.95628729202093
1732024207105495808 -2355.915283 256.610016 1727.7473750000001 0.4104665127257171 -0.4116239748140364 175.9768249721971
1732024207138836736 -2356.999268 258.538757 1741.359863 0.79291815597271 -0.5017284663245767 175.8633897812247
1732024207172177408 -2358.015625 261.071716 1759.763672 0.9048757566852265 -0.3709917963906663 175.92888058432686
1732024207205518080 -2358.867432 262.968872 1773.425293 0.8646438913890336 -0.48466962949526493 175.85346280478527
1732024207238858752 -2360.013672 265.2724 1786.9755249999998 0.9004890147424126 -0.5843690189382952 175.89717029989757
1732024207272199424 -2360.205322 267.596619 1800.547363 0.5988705542387117 -0.4799205887679192 175.62881505886855
1732024207305540352 -2361.294922 270.763184 1816.9887079999999 0.4568581693328996 -0.6881050481992664 175.5736385974007
1732024207338880768 -2361.907715 272.873749 1828.928467 0.3292521278203467 -0.8507488616503194 175.45594826557493
1732024207372221696 -2362.30542 274.609131 1840.097839 0.15012757157899242 -0.9376931684250315 175.33693988689126
1732024207405562368 -2362.783691 276.667572 1853.851318 -0.048250582657158585 -1.1258892522067117 175.2685698245378
1732024207438902016 -2363.109863 277.771057 1863.1552729999999 -0.3020600300864668 -1.2149294001217812 175.27297295593166
1732024207472242688 -2363.525635 278.847443 1872.0739139999998 -0.431981779665839 -1.378203059135783 175.38841869382608
1732024207505583104 -2363.802002 279.968933 1883.005981 -0.41097010684873037 -1.5439561172263143 175.5297572795989
1732024207538924288 -2363.491211 280.519379 1890.440674 -0.477730035185257 -1.5251721957822113 175.7041538854508
1732024207572264704 -2363.031006 280.746765 1897.164978 -0.5069819543296968 -1.6053616622483575 175.8844664171793
1732024207605605120 -2362.54834 279.923187 1905.3607789999999 -0.9921145329373705 -1.5603012180222644 176.07528490241793
1732024207638946048 -2361.83252 278.881683 1910.115662 -1.213053404371803 -1.6168878615452371 176.17215825053074
1732024207672286720 -2361.116943 277.546082 1913.663452 -1.2725477623459989 -1.5417713254347862 176.25300621314778
1732024207705627136 -2359.008301 275.457123 1916.437988 -1.025563771758565 -1.561907922148512 175.884643309868
1732024207738967808 -2357.6521 273.859406 1916.757446 -0.6071355237631294 -1.6712725157453274 175.91237411714198
1732024207772308480 -2356.643311 272.129272 1916.579468 -0.5130900761738885 -1.480447740597166 175.97339194367626
1732024207805649408 -2355.550049 269.49527 1914.36554 -0.0984288670109487 -1.7782899927865508 175.94701380037947
1732024207838990336 -2354.274902 267.658173 1911.834167 0.12921910504183393 -1.684459533273001 175.96962333535657
1732024207872331008 -2353.495117 265.588684 1908.255676 0.46497289607698306 -1.8160131647119828 175.9322076601351
1732024207905671936 -2352.498779 262.347229 1903.625 0.5291951684880932 -1.911457365844835 175.87186698456009
1732024207939013120 -2351.554688 259.694061 1899.54303 0.35166100298351954 -1.99179018216115 175.76968625304244
1732024207972355072 -2351.000977 257.116364 1894.817078 0.3179006506372899 -2.0028334485220083 175.63927867065635
1732024208005696256 -2350.789307 254.021881 1886.793701 0.5027235581298785 -1.946446324185388 175.5012598115617
1732024208039037696 -2350.736328 251.625214 1879.6051639999998 0.7869901578733536 -1.9387562997884598 175.40955001978136
1732024208072378880 -2350.790283 249.270462 1871.4860840000001 0.8998961391074021 -1.6521422550014506 175.339003117511
1732024208105720320 -2350.976074 246.215134 1858.4679569999998 1.5782817725155123 -1.6806811457879047 175.20045987419863
1732024208139061504 -2351.068604 243.790527 1847.55896 1.8805960377131605 -1.5849822853977829 175.12913159741848
1732024208172403200 -2351.182861 241.347916 1836.1842040000001 2.0720809252737284 -1.5294595705542258 174.97822288826632
1732024208205744384 -2351.032471 237.77623 1819.8416140000002 2.3487430547049533 -1.5347881360879403 174.85886760584526
1732024208239085568 -2351.059326 234.191727 1803.618103 2.4500008110894833 -1.5971445032067333 174.72252590840378
1732024208272427008 -2351.222656 232.28241 1795.5310670000001 2.332980924712633 -1.6530007056741876 174.62670024436025
1732024208305767424 -2351.739502 228.385544 1778.749939 2.1049497430481927 -1.514355614719138 174.52326831473943
1732024208339108864 -2352.162109 225.627274 1765.003418 2.1405478711919734 -1.7573772502655352 174.44785880872536
1732024208372450048 -2352.537842 222.946869 1750.836731 2.084186559550288 -1.689878499539888 174.48087653314428
1732024208405791488 -2352.818359 219.437317 1730.855957 2.2636981079732448 -1.7706293421903674 174.52730306922086
1732024208439132672 -2353.05127 217.170868 1715.899841 2.2046311578575257 -1.6826720555473726 174.5276383930156
1732024208472474368 -2353.05542 214.920013 1700.467316 2.0522590788459514 -1.8044839455727046 174.54077445724332
1732024208505815808 -2353.569336 212.413406 1680.6599429999999 1.5064014236172392 -1.4653265787232614 174.8852169468335
1732024208539156736 -2353.562988 210.404602 1665.437378 1.3073198585928527 -1.436341969684264 175.02544852503482
1732024208572498432 -2353.53833 208.405777 1650.53775 1.182445320559813 -1.314477844207098 175.21343190627857
1732024208605839872 -2353.454346 206.072739 1630.4445799999999 1.0633346728223743 -1.2349362392709287 175.462340631605
1732024208639181056 -2353.27832 204.496979 1614.663513 1.0455287566498492 -0.9859025083862281 175.57996607493723
1732024208672522496 -2353.403809 202.617203 1599.43634 1.040091180877435 -0.8947809346282475 175.66604574272876
1732024208705863680 -2353.041748 200.373642 1579.560944 0.7995930122174086 -0.7286379598783221 175.6818176864814
1732024208739205120 -2352.998291 198.595657 1565.108276 0.6615866759291107 -0.7303243298554676 175.6318932300836
1732024208772545536 -2353.182373 196.713669 1551.256378 0.41765478810707235 -0.6538790601866463 175.55052037133987
1732024208805886720 -2353.563721 194.269409 1533.2724 0.035762179465592396 -0.5680675036842858 175.37021547089358
1732024208839228928 -2353.298096 192.993423 1520.0267939999999 -0.10015692921229395 -0.4207815828122528 175.25177775107431
1732024208872570368 -2353.276855 191.716858 1507.145233 0.06069099103469656 -0.40025403786592817 175.1412696670434
1732024208905912064 -2353.258545 190.161423 1490.657013 0.3030463249934311 -0.39195911691769825 175.03310554251453
1732024208939253504 -2353.492432 189.150772 1478.985474 0.11781445798060017 -0.30917233603831346 174.95516474298105
1732024208972595456 -2353.106689 188.494507 1467.017456 -0.11580570339836473 -0.5550152041737352 175.174358815392
1732024209005937408 -2353.352539 187.180054 1452.380875 -0.2138342075279178 -0.3774696126688809 175.1110953245299
1732024209039278848 -2353.826172 186.276382 1442.228943 -0.3098193570732055 -0.37789192934242544 175.06395112339663
1732024209072620288 -2354.337158 185.499878 1432.714539 -0.5553655219715374 -0.3409514720714229 175.069427679396
1732024209105962496 -2355.203125 184.669617 1420.807419 -0.6533873653475999 -0.5026135360720805 175.18225394449942
1732024209139303936 -2355.803467 184.44133 1412.626755 -0.8828995991881402 -0.49119365016791144 175.3847115121765
1732024209172645888 -2355.845459 184.116058 1405.59816 -1.145340557722554 -0.5128497203379269 175.60856374843425
1732024209205986304 -2356.467773 183.860199 1397.979752 -1.5349910388765904 -0.5151575566890417 175.9069395623653
1732024209239328512 -2356.720459 183.76651 1393.6395420000001 -1.7373449960541572 -0.5431291164366953 176.1646792386167
1732024209272670208 -2357.224365 183.547714 1389.955872 -1.8565000559631843 -0.4422112019680595 176.4323513190921
1732024209306011904 -2357.858398 183.637253 1386.291794 -1.6905740728097556 -0.3754092304620289 176.66503260126922
1732024209339353600 -2358.29834 183.696457 1384.4881129999999 -1.698868425337815 -0.3054401183925255 176.8282535529864
1732024209372695552 -2358.880371 184.161652 1383.633057 -1.683810043063119 -0.4377897475601509 177.06742861855676
1732024209406036736 -2359.063232 184.215378 1383.872162 -1.808883437850793 -0.5705952180653826 177.0866035588919
1732024209439378688 -2359.266357 184.784912 1385.245697 -1.934903856009454 -0.7439039114264467 177.14804973932863
1732024209472720640 -2359.824707 185.704666 1388.948242 -2.07672804395814 -1.0180981931939126 177.2968351630225
1732024209506062336 -2359.97876 186.190475 1393.315948 -2.2114563210770424 -1.0647781696048568 177.2397695134432
1732024209539404288 -2360.297363 187.422745 1398.571838 -2.1110033092732494 -1.0852448279566327 177.1270106435403
1732024209572745984 -2360.724121 188.626419 1405.108963 -1.857825660001201 -1.042922333284919 176.97311017191262
1732024209606087936 -2361.000732 190.629761 1415.740311 -1.5529324369986675 -0.9380183494393677 176.940937027461
1732024209639428864 -2361.218506 192.257996 1425.255005 -1.5234115401745383 -0.8179954210722965 176.87311068113078
1732024209672770304 -2361.481934 193.998062 1436.156265 -1.6000535529302797 -0.5984165300105171 176.7732916191528
1732024209706112512 -2361.709961 196.987717 1452.19516 -1.5807509670777182 -0.41858716368023413 176.71540780208338
1732024209739453952 -2362.749512 198.597061 1465.7276610000001 -1.471917762907891 0.0189621591724022 176.1003063610455
1732024209772795904 -2362.817871 200.81752 1479.856567 -1.4441415648443234 0.34607254808228527 175.79020231790938
1732024209806137856 -2362.80249 204.187012 1499.5860599999999 -1.3987327935015508 0.5848449099349604 175.56639948653682
1732024209839479296 -2362.217285 206.634384 1514.597473 -1.3337303861085723 0.647915535113336 175.44948694408671
1732024209872820736 -2361.236328 210.321655 1535.2073970000001 -1.2290679671358924 0.4761111631665259 175.11971664425886
1732024209906162432 -2360.787109 212.445236 1551.041809 -1.2685553093494082 0.7173566973501725 174.9744079923168
1732024209939503872 -2360.374268 215.042877 1567.1458440000001 -1.2926030134802555 0.7975216819503705 174.78802140735604
1732024209972845568 -2360.090332 218.437485 1588.886108 -1.1737290951895645 0.8537901827712332 174.57667549031575
1732024210006187264 -2359.680664 220.942612 1605.6228939999999 -1.1818156300210687 0.9914357973248202 174.4101429199144
1732024210039528704 -2359.224854 223.339996 1622.535126 -1.3107219980628895 1.0968169540308625 174.3111035070072
1732024210072870400 -2358.69043 225.954987 1645.087067 -1.0075775066018922 0.7891542195267848 174.3038793808252
1732024210106211072 -2358.243896 227.95549 1662.253174 -1.1106095597975196 0.6932376353586291 174.3473700653245
1732024210139552512 -2357.69165 230.014374 1679.083771 -1.077399789356121 0.6232661848061937 174.3503164402751
1732024210172893952 -2357.426025 232.889465 1701.798248 -1.22143558768161 0.676711518780967 174.3692011576788
1732024210206235904 -2357.331543 234.988953 1718.245911 -1.184493435386202 0.740784578044237 174.37716419993004
1732024210239577600 -2357.321289 236.847046 1734.6629030000001 -1.060892611361476 0.8073232434282313 174.31278476778107
1732024210272919040 -2357.210693 238.864227 1756.778198 -1.0723203662528027 0.9290495882705199 174.30080874456058
1732024210306260480 -2357.235107 240.187851 1773.045654 -1.1110167369672075 0.9674488153011239 174.2507564235407
1732024210339601920 -2357.719971 241.363098 1788.981628 -1.145454854919988 1.0782445129410678 174.1831585822252
1732024210372943872 -2358.489014 242.438507 1810.1182860000001 -1.3986529750852588 1.0954933415055308 174.14284795973154
1732024210406285568 -2359.018066 243.086365 1825.374939 -1.5845494615935967 1.0500654647479815 174.11908397085975
1732024210439627264 -2359.541504 243.518906 1840.08905 -1.8607035098187354 1.168454352394146 174.13007429523705
1732024210472968704 -2360.442383 244.285614 1858.418335 -1.9618664192723507 1.1850079479090878 174.11087933206335
1732024210506309888 -2360.935303 245.40683 1875.197937 -1.835987344426271 0.962142540521325 174.19562992258028
1732024210539651072 -2361.595459 245.168304 1883.411865 -2.035978483573913 1.1960947049625683 174.19449699663926
1732024210572992768 -2362.244385 245.754822 1897.5558469999999 -2.082570447912854 0.8145950324480971 174.35502803907616
1732024210606334208 -2362.608887 246.200272 1907.5188600000001 -2.172041748120374 0.6476337277834172 174.454108750242
1732024210639675904 -2363.110596 246.308838 1916.214661 -2.1946281346689935 0.410369240702415 174.48407128770583
1732024210673017600 -2364.294189 246.931305 1926.375366 -2.342569509510051 0.18160734118465985 174.5945734728778
1732024210706359296 -2364.838867 247.508316 1932.479736 -2.502044167389591 -0.1125163110891046 174.6844361486317
1732024210739700736 -2365.557861 248.210266 1937.8148190000002 -2.4765937917547127 -0.17789258131861707 174.7595245695086
1732024210773042688 -2366.051514 249.294617 1943.952515 -2.509288387128928 -0.2917741507577567 174.80135569878755
1732024210806384384 -2366.527832 250.028366 1947.8460690000002 -2.446173090878238 -0.38633694316798706 174.77015655154415
1732024210839725056 -2366.779297 250.551697 1951.548096 -2.4677387454957573 -0.38051297411256957 174.712384321297
1732024210873065984 -2367.080811 250.933777 1956.093628 -2.6904367005327323 -0.32084780735473156 174.53910486941902
1732024210906407168 -2366.719238 251.568329 1958.71875 -2.531721378701477 -0.4573244524334462 174.46129437217877
1732024210939747840 -2366.05249 251.065231 1960.081909 -1.995388477633945 -0.965144420286562 174.1224033869219
1732024210973087488 -2365.620361 251.563965 1961.6004030000001 -1.912280750450672 -0.9298886741665738 174.1267361413628
1732024211006428416 -2365.182861 252.432495 1961.9151000000002 -1.7588889086820017 -1.1771141621927965 174.13575874354413
1732024211039769088 -2364.907959 252.955566 1961.1096189999998 -1.7875327037729905 -1.2273293397460732 174.21327898834485
1732024211073110016 -2364.584473 253.603592 1957.634033 -1.7585013282942272 -1.2864399109940126 174.3680311262777
1732024211106450688 -2364.349854 253.953766 1953.509338 -1.7795373855714738 -1.2773854706256969 174.4657515916212
1732024211139791616 -2364.08374 254.2491 1948.344238 -1.6307124503227062 -1.386519760222647 174.5986605800421
1732024211173132288 -2363.435059 254.192749 1939.744629 -1.5956845812750031 -1.4767273582858405 174.8114410224953
1732024211206473216 -2362.765625 253.994797 1931.449341 -1.435832475119624 -1.7148493251419308 174.9969527260156
1732024211239813888 -2361.922852 253.768555 1922.054199 -1.024873479050013 -1.9800610552456532 175.17782989837545
1732024211273154816 -2360.736328 253.27063 1907.8782959999999 -0.4774809559561083 -2.1265447493378367 175.30258662013563
1732024211306495488 -2359.924072 252.908325 1897.227966 -0.2005303628690605 -1.8666975890294055 175.30936285708026
1732024211339835904 -2358.884277 252.186127 1885.567444 0.02913040952187827 -1.93970428428591 175.3671610833584
1732024211373177088 -2357.623047 251.139923 1873.5002439999998 0.17243582061510362 -1.895397410673947 175.29952739237325
1732024211406517504 -2356.285156 249.245667 1857.341492 0.33739379551474036 -1.6690330992111733 175.13422790806857
1732024211439857664 -2355.196777 247.696259 1845.154053 0.22743523878569832 -1.4730645377083669 175.0307842715612
1732024211473198080 -2354.243164 246.011627 1832.62207 -0.060640508222914107 -1.2194429366216457 174.93839621872291
1732024211506539008 -2354.072021 244.122162 1815.673828 -0.25215870786431954 -0.5783129275416191 175.23481107157272
1732024211539879936 -2354.165283 242.235199 1802.172302 -0.08106394745481046 -0.3999299406414134 175.2229827153283
1732024211573220608 -2354.337402 239.597504 1784.140015 0.08575913512878511 -0.06615475303332137 175.25881204370316
1732024211606561536 -2354.605469 237.316986 1770.242432 0.1768015965555976 -0.0034871259415781685 175.26942822915635
1732024211639901952 -2354.981934 234.808014 1756.796997 0.25813206873676314 0.1700028286573503 175.28729864597852
1732024211673242880 -2355.576416 231.331635 1738.4932250000002 0.18287664244583746 0.2209807127351104 175.2976503543287
1732024211706583296 -2356.11792 228.392395 1724.702209 0.08956571263863607 0.3281970574276885 175.30513024260785
1732024211739924224 -2356.609131 225.303375 1710.949463 -0.2563183314428729 0.5759937185259247 175.30446072680937
1732024211773264640 -2357.000732 221.156815 1692.293976 -0.41915502822965334 0.9004995186794211 175.25446807723452
1732024211806605568 -2357.573242 218.44339 1678.026306 -0.1379396429043564 1.1509268824303953 175.21329274037774
1732024211839946240 -2357.960693 215.787918 1663.298492 0.07070574612890239 1.230459146467859 175.21445478566417
1732024211873285888 -2357.931152 212.170685 1644.139954 0.012207137149002173 1.559207872026136 175.07132821722905
1732024211906627072 -2358.086182 209.395844 1629.8283999999999 0.16261620475177313 1.8018133928061324 175.0655212097282
1732024211939968000 -2358.207764 206.74202 1615.617584 0.45974248632638476 1.8115531759108412 175.0696316299628
1732024211973308928 -2358.337158 203.114975 1597.015747 0.38607934159743096 1.9537472717849242 175.13276355679045
1732024212006649856 -2358.509277 200.295227 1582.90686 0.338342811414447 1.90916177926232 175.15096187684074
1732024212039990784 -2358.698975 197.865097 1568.920776 0.19508952671696292 1.9427059036140095 175.1703543119313
1732024212073331712 -2359.087402 194.592422 1550.029236 0.2597859682257145 1.72538565018698 175.24968561949353
1732024212106672384 -2359.565918 192.509247 1536.252686 0.28346863426456664 1.568539753008792 175.39004774205696
1732024212140013312 -2360.432861 189.99527 1523.110443 0.077367151063069 1.4947326518992912 175.5898266724608
1732024212173354496 -2361.075439 187.645218 1505.3792720000001 -0.18135088093650806 1.47777223582634 175.87498817675677
1732024212206695168 -2361.62085 186.252792 1492.420349 -0.05231998059459368 1.1977310952310225 176.17591465979834
1732024212240036096 -2361.967285 185.216431 1479.990906 -0.27651931044051736 0.8958051866663576 176.59628302043095
1732024212273376768 -2361.568115 184.202133 1464.816498 -1.0505528739250354 0.33561611138049086 177.52642358281386
1732024212306716672 -2362.016846 182.461182 1454.461044 -1.5569777789902544 0.13572502737913916 177.51853406822093
1732024212340057088 -2362.403564 181.535706 1444.892609 -1.7623487916520846 -0.027194841469171276 177.76622085130884
1732024212373398272 -2362.990479 180.54509 1433.680206 -1.950510900195737 -0.15165923763790218 177.87921301120082
1732024212406738688 -2363.558838 180.001602 1426.711746 -2.101459869505499 -0.18603938634509426 177.91257646323666
1732024212440079616 -2364.094727 179.35495 1420.076248 -1.9465411998402609 -0.1567446250366936 177.9112408986848
1732024212473420288 -2364.544678 179.172668 1412.233826 -1.752330645543655 -0.07660615555778416 177.82137668746125
1732024212506761216 -2364.709473 179.207352 1406.829285 -1.5177766133756236 -0.07271600430261338 177.62475364115173
1732024212540101888 -2364.832764 179.357483 1401.888168 -1.4794398573731615 -0.08647409160882563 177.44593978534337
1732024212573442816 -2364.758301 179.61879 1396.069626 -1.465787050841541 -0.06526230229241155 177.14904041415895
1732024212606783488 -2364.686523 180.014221 1392.165604 -1.4044835558036157 -0.33177824341089013 177.0607405872046
1732024212640124672 -2364.026611 180.078751 1389.070999 -1.7637627109657692 -0.3534131511746651 176.7322958291227
1732024212673465088 -2363.436035 180.397736 1386.215118 -2.3307199563549323 -0.41868125095291436 176.54572834408185
1732024212706806016 -2362.991699 180.603867 1385.361465 -2.4239071554400105 -0.47097116994681343 176.38836034955273
1732024212740146688 -2362.534912 181.397232 1385.87056 -2.6328347031726893 -0.4656092471032854 176.17047093575152
1732024212773486336 -2362.247559 182.444305 1387.958588 -2.7289962383600757 -0.5177901577120861 176.04695786753368
1732024212806827008 -2362.104004 183.460587 1391.230087 -2.736175457976692 -0.544887171239909 176.0689374380985
1732024212840169216 -2361.773193 184.817551 1395.590561 -2.871573852569919 -0.571695127889086 176.18868199344223
1732024212873511424 -2361.41748 186.972305 1402.8389280000001 -3.0322291005084026 -0.5935832072122812 176.3729874249711
1732024212906853120 -2361.231689 189.007584 1409.671967 -2.9605395416884743 -0.5176800493869331 176.50740717083337
1732024212940195328 -2360.816162 191.058243 1417.560089 -2.9247440744753868 -0.4908347981331856 176.6847910604511
1732024212973537536 -2359.956055 194.044693 1429.5774079999999 -3.187381760481126 -0.4700412563216962 176.91044006418517
1732024213006879232 -2359.244873 196.734879 1439.585434 -3.242531376884379 -0.5479039099773371 177.06786709100342
1732024213040221440 -2358.560547 200.106354 1450.62291 -3.0402164689106685 -0.6156166354229625 177.21082536860084
1732024213073563648 -2357.679932 204.6297 1466.458527 -2.844273266940381 -0.6593271923145747 177.24406784160666
1732024213106905088 -2356.836426 207.755066 1478.459412 -2.6930884704956446 -0.7037685789317595 177.35787487199156
1732024213140247552 -2356.856689 210.839157 1491.349579 -2.308669260151766 -0.5719795940036909 176.98382526788546
1732024213173589504 -2355.793213 214.626648 1508.164581 -1.9638979720595382 -0.6311322716409815 176.8664645489462
1732024213206930688 -2354.728271 217.684143 1520.957794 -1.8246294479594707 -0.5266970737536516 176.63408482203877
1732024213240272896 -2353.998779 220.5233 1534.24649 -1.902151330163321 -0.45488696142213186 176.39119867687833
1732024213273615104 -2352.948486 223.995895 1552.316284 -2.2322863991371014 -0.21308189590227528 176.04835003908605
1732024213306957056 -2352.30957 226.388474 1566.514038 -2.104953122693066 -0.2098817769790134 175.93836686094906
1732024213340299264 -2351.825195 229.277328 1580.640198 -2.3738622892056704 0.04692836142572797 175.83711750124348
1732024213373641472 -2351.686768 232.915665 1600.028046 -2.5133456452835965 0.3757862983741761 175.77889206658108
1732024213406983680 -2351.784912 235.449142 1614.341156 -2.1484189301841163 0.2835607560742462 175.75496969422272
1732024213440325632 -2351.743896 237.863678 1628.8045650000001 -2.0828888470566254 0.4559212577883463 175.7979670664036
1732024213473668096 -2352.069336 240.22467 1648.4025570000001 -1.8368535772524939 0.3167889815220647 176.0500731797607
1732024213507010048 -2352.224365 241.902451 1663.008972 -1.68569121832272 0.2853762924805321 176.19787847131906
1732024213540352256 -2352.307373 243.171295 1676.97403 -1.3734488942074135 0.03735204980491412 176.3577225940593
1732024213573694720 -2352.47168 244.242035 1695.929169 -1.257035217200656 -0.08150934944358114 176.59915513289084
1732024213607036672 -2352.885742 244.886932 1709.940582 -1.028414379861534 -0.4072020575122832 176.8538308937516
1732024213640378112 -2353.668213 245.370468 1723.673462 -0.9763514447295074 -0.44587231266980737 177.13113762187876
1732024213673720320 -2354.736328 245.739517 1741.706055 -0.8007864333521704 -0.6927579302137679 177.52406433507088
1732024213707062272 -2355.446533 246.091339 1754.712646 -0.4958023726738721 -0.8621934413287343 177.7797849665975
1732024213740404480 -2356.402832 246.545273 1767.8630369999998 -0.30379839909070816 -0.7911765007130777 178.03228886278063
1732024213773746688 -2357.313965 247.2966 1784.516785 0.14418019643527377 -0.7208716591964095 178.12662876070212
1732024213807089152 -2357.795166 248.063995 1796.579468 0.5852568878762241 -0.5762297075323801 178.23025700041623
1732024213840431104 -2358.06543 249.101654 1808.549438 1.0376051532432409 -0.5468419992080015 178.19559120329876
1732024213873773056 -2358.361816 251.062698 1823.753052 1.3997375717227112 -0.46612513699678715 178.2201660500376
1732024213907115008 -2358.820068 252.863861 1834.404419 1.8742199508003483 -0.6004381526564748 178.29981082731734
1732024213940457216 -2358.713135 254.940613 1845.0623170000001 2.213394406203002 -0.6478063101386088 178.24394511981976
1732024213973798912 -2358.05127 258.160553 1858.7067869999998 2.5918841962760606 -0.821983830194697 178.22606017571036
1732024214007141120 -2357.368408 260.694122 1868.5961909999999 2.4039388529384986 -0.9215832844680536 178.1908095834002
1732024214040483328 -2355.820312 262.039246 1877.556274 2.746311453876222 -1.5953856171793062 177.60284569376157
1732024214073825024 -2354.636963 265.351501 1889.566345 2.528413371779024 -1.8367814614530094 177.53002269614998
1732024214107166208 -2353.663574 267.88266 1898.4597780000001 2.2118622126761966 -1.9264640677685314 177.4584069283767
1732024214140508416 -2352.791504 270.567047 1906.9494630000002 1.9047790158573297 -2.072152931964908 177.43381965446594
1732024214173850368 -2351.841797 274.080902 1917.584229 1.3669899117411446 -2.2460617126683093 177.516576080137
1732024214207192320 -2351.383545 276.613312 1925.236328 1.024149200253734 -2.307127747556819 177.56783544952324
1732024214240534528 -2351.28418 278.997681 1932.565063 0.731136080940632 -2.114188159561689 177.6273087455264
1732024214273876480 -2351.154541 281.74588 1940.942383 0.3353232363944055 -1.9307803491435325 177.74261966121676
1732024214307218688 -2350.908203 283.237091 1946.542297 -0.0016068494795175073 -1.6425453927356166 177.82080771870147
1732024214340560896 -2351.195068 284.774536 1950.945068 -0.0006910785435657981 -1.5910213508861657 177.79782450294599
1732024214373902848 -2351.476562 286.254425 1954.732117 0.14550736804330291 -1.6528216104654456 177.81979512640237
1732024214407244800 -2351.75 286.903137 1956.64624 0.012423959581566049 -1.3576306222685868 177.91384782062158
1732024214440587264 -2352.042236 287.013123 1956.645203 0.11462212063689914 -1.430313338410195 177.98604169141652
1732024214473929216 -2352.45459 286.283936 1954.626465 0.2246619767925211 -1.8460305946310211 178.06999942626464
1732024214507271424 -2352.678955 284.462097 1949.9197390000002 -0.06574554072442491 -2.1287795926971933 178.30251119678059
1732024214540612608 -2353.178711 282.931824 1945.344177 -0.03905349670121312 -2.4194611276295737 178.35389889534312
1732024214573954304 -2353.506348 281.847229 1941.700562 -0.06487487472467902 -2.4235880955022013 178.37941773382943
1732024214607297024 -2353.980957 280.248199 1934.4175420000001 0.2933360763730616 -2.510303124016187 178.42024210458533
1732024214640638720 -2354.33252 278.709473 1925.4385989999998 0.7500930385149935 -2.7857376514936183 178.46678455663417
1732024214673981184 -2354.741943 275.318115 1913.208862 0.7653160171089475 -2.7761988316956194 178.37342563677637
1732024214707323136 -2355.545654 272.815125 1902.368713 0.8207080383471976 -2.8566423436438493 178.27866407126476
1732024214740665600 -2356.053955 270.033386 1890.175903 0.9064351302483269 -2.9196795398757605 178.173079250748
1732024214774007808 -2356.481201 265.92572 1872.446594 1.2313860839102937 -3.0267962143056013 177.90822977840656
1732024214807350016 -2356.672363 262.413269 1858.449951 1.2920527511197866 -3.1287017608367313 177.63824259863296
1732024214840691712 -2356.770752 258.619812 1844.34491 1.2534184027314668 -3.1182651877768124 177.37500849302415
1732024214874033152 -2356.717773 253.622894 1824.212524 1.4021540706912705 -3.136358412751379 177.03508267907534
1732024214907374848 -2356.532471 249.913712 1808.1851809999998 1.6745764936030674 -3.1028820359877414 176.69428095375804
1732024214940716288 -2356.141602 246.064743 1791.6761470000001 1.8939305350730877 -2.9944983586112466 176.4149370058761
1732024214974057216 -2355.925781 240.832077 1769.0649409999999 2.1217048954374778 -2.9835543444225845 176.06324538787186
1732024215007398656 -2355.415771 236.985626 1751.765991 2.1610320539840275 -2.8685717307505016 175.84219155235186
1732024215040740608 -2355.089111 233.045563 1734.115601 2.0227362025191153 -2.7593459731807135 175.63488328491053
1732024215074082048 -2354.894775 227.753082 1709.775574 2.1025546217145945 -2.6361983185581543 175.4983914187068
1732024215107423488 -2354.913086 223.531281 1690.845947 2.169650793474256 -2.4778972295002926 175.47356728882204
1732024215140765440 -2355.410156 219.916687 1672.149048 1.82094060648864 -1.8736708833230917 175.7779886523092
1732024215174107136 -2355.192139 214.751648 1646.426727 1.652418592915765 -1.5035172050044043 175.91344259843947
1732024215207448832 -2355.03418 211.149521 1626.91922 1.4149650481451783 -1.2958557375927469 176.16770323178923
1732024215240790272 -2354.922607 207.862396 1607.1484679999999 1.111281635467977 -1.0700760000567078 176.52260458333936
1732024215274131968 -2354.280273 203.774277 1581.303802 0.5428033588125528 -0.7836434500164582 177.00603327576303
1732024215307473664 -2353.725098 200.878937 1562.815338 -0.04253259916385411 -0.6761664653137642 177.3423998353731
1732024215340815104 -2353.215576 197.372803 1545.188324 -0.6285968886484482 -0.5099388169079799 177.58872146736317
1732024215374157056 -2351.929443 193.969803 1521.585388 -0.8443901338158242 -0.5453861250710038 177.89300346994193
1732024215407498496 -2350.239502 192.406219 1504.879761 -1.1420502347950674 -0.6353758584142847 178.42178217258166
1732024215440839168 -2349.736328 189.716095 1489.149597 -1.336996977011207 -0.6497506793162288 178.2423520220639
1732024215474180864 -2348.89502 186.456848 1469.5849 -1.5176320869539173 -0.5430808111420207 178.41436529845393
1732024215507522304 -2348.518066 184.058853 1456.173462 -1.580240760361148 -0.6125551598055845 178.20769629582756
1732024215540864256 -2348.328125 181.326828 1444.334976 -1.9794282952825 -0.37435957209054277 177.9831955774107
1732024215574205952 -2348.416016 178.709198 1433.092621 -2.033086564202694 -0.3861698972214664 177.71225559411187
1732024215607547648 -2348.805176 176.187256 1420.188248 -1.9123898116216425 -0.18820870256159258 177.40054497223852
1732024215640889088 -2349.251709 174.731873 1411.585236 -1.675227257875676 -0.07585258167330573 177.30468717254777
1732024215674230784 -2350.059326 173.12674 1401.494308 -1.6314789153740235 0.0422719390889038 177.31938540617654
1732024215707572480 -2350.772217 172.178879 1395.174927 -1.6041121595839642 -0.04485966588237791 177.34900304972058
1732024215740913920 -2351.33374 171.175674 1389.37851 -1.9413972474993624 -0.032331483987007296 177.38324829884155
1732024215774255872 -2351.719238 170.403595 1382.627335 -1.9060235937390224 -0.20424643351102362 177.4461547124025
1732024215807597312 -2351.942871 170.252457 1378.395859 -2.0003395535739847 -0.12004865241712274 177.4858054147725
1732024215840939008 -2352.137451 170.480011 1374.826157 -2.0647083040701895 -0.16160215127625302 177.58260343427827
1732024215874279680 -2352.469238 171.149414 1370.431595 -2.015347010490703 -0.16261200193399372 177.6888525813985
1732024215907621120 -2352.654541 171.723953 1367.290466 -1.9320521861810112 -0.2898731231995249 177.74484541845675
1732024215940963328 -2352.779297 172.536194 1364.964111 -2.025049709335515 -0.20331108815201265 177.8184883541734
1732024215974304768 -2352.703125 173.115479 1361.712662 -2.0523405348065196 -0.3607927257218608 177.8389329620659
1732024216007646464 -2352.615723 173.45549 1359.963409 -2.2977171737667326 -0.3546623325290048 177.83782984313083
1732024216040987904 -2352.354492 173.05983 1358.427429 -2.4484041142009456 -0.40879254119941316 177.83634541890027
1732024216074329856 -2351.869629 172.676193 1356.362946 -2.4251283185707297 -0.5009585897305905 177.63074702513694
1732024216107671552 -2351.532715 172.012726 1354.629807 -2.236620523645194 -0.471425504106449 177.50980710508824
1732024216141013248 -2351.484863 171.920013 1352.600983 -2.2960805527090375 -0.5018058017685181 177.3508631902496
1732024216174354688 -2350.993896 171.054626 1349.998901 -2.143659735809567 -0.439936557599376 177.23376461497952
1732024216207696640 -2350.596436 170.999542 1348.277756 -2.1659907753886865 -0.37953411144250526 177.24477784810526
1732024216241038080 -2350.170166 171.378036 1347.1883540000001 -1.8002038096624098 -0.5061496279740805 177.31127413347508
1732024216274380032 -2349.784668 172.183136 1346.019073 -1.4195830942205923 -0.755240090211038 177.43242067803328
1732024216307720448 -2349.534668 172.524185 1345.628082 -1.4277070280429933 -0.7323597764163429 177.49425902616608
1732024216341062400 -2349.476562 173.550598 1345.358704 -1.312393327447256 -0.8916084111369887 177.70494132172803
1732024216374403840 -2349.387939 175.294876 1344.2986760000001 -0.9206041437630337 -1.0714827860336376 177.86612465874828
1732024216407745536 -2349.242188 177.294357 1341.690948 0.06193507226810668 -1.139422715120848 177.89617731100307
1732024216441087232 -2349.244385 178.452438 1340.949692 0.3568358086709073 -0.960098278005259 177.8264689099161
1732024216474428928 -2349.374512 178.787262 1340.7305450000001 0.41150540499620697 -0.9121925624545545 177.83258433667336
1732024216507770624 -2349.373291 178.50325 1340.519302 0.2941995005402079 -0.8868514444535477 177.84060028661673
1732024216541112320 -2349.058105 177.808151 1339.92186 0.3153099950473777 -0.6839332289696332 178.09919328298827
1732024216574454016 -2349.998535 178.417221 1340.8555450000001 0.324162294151551 -0.8759229855126445 177.57205138029755
1732024216607795712 -2349.900146 178.568832 1340.863892 0.33075157675286504 -0.8891615175659242 177.54629255047325
1732024216641137664 -2349.900635 178.540283 1340.890411 0.33105141389173864 -0.9155184181146309 177.5543207737991
1732024216674479104 -2349.898926 178.655136 1340.961258 0.3077792951373352 -0.9272564146148645 177.5322213319154
1732024216707820800 -2349.62793 178.696167 1340.862442 0.3790787482125451 -0.9837048355216566 177.51926917463376
1732024216741162496 -2349.0 179.313416 1340.566711 0.1405597691458423 -1.1167156002535354 177.73254616881874
1732024216774503168 -2349.738281 178.526077 1340.845001 0.5949414606560667 -1.257794724417297 177.6070898641742
1732024216807845120 -2349.904053 178.330368 1341.138199 0.581602878631921 -1.304277175017819 177.6302671288367
1732024216841186304 -2349.902588 178.317551 1341.1197359999999 0.5760362628327335 -1.3053022185519991 177.6350576972231
1732024216874527488 -2350.079102 178.279739 1341.125153 0.5814114646384767 -1.3007730760238811 177.66533132583538
1732024216907868672 -2350.54126 178.264465 1341.046326 0.6241541187575482 -1.3411896347235654 177.7345666861016
1732024216941210368 -2350.482178 178.220688 1341.134857 0.46220533902246136 -1.2429023420749898 177.72093204914967
1732024216974551552 -2350.870605 178.335358 1341.061432 0.2587691740574852 -1.4704709873168282 177.95579935163994
1732024217007892736 -2351.446289 177.854279 1341.563293 0.4703902798647277 -1.2126841204648096 177.6392556896791
1732024217041233920 -2351.461182 177.858719 1341.564102 0.4794980848517619 -1.197968202237002 177.63288771123064
1732024217074575104 -2351.457764 177.823502 1341.581161 0.463400895990541 -1.2068425676352172 177.6489633147872
1732024217107916800 -2351.575195 177.916138 1341.56514 0.45909263824743635 -1.2273021625017708 177.67008092657625
1732024217141257984 -2351.349365 177.971207 1341.463089 0.5296914437319233 -1.1462309131669894 177.55263616545125
1732024217174599424 -2351.573242 177.978256 1341.524261 0.47375144985544676 -1.2038844856482867 177.63492952671982
1732024217207939584 -2351.560059 178.023224 1341.5065 0.4717614985433717 -1.2025648943454 177.64694339362285
1732024217241281024 -2351.573975 178.02037 1341.513275 0.4495762184424932 -1.2082459806427492 177.64979339601547
1732024217274622464 -2351.075928 178.303345 1341.4236760000001 0.5488262058877296 -1.3026076228411392 177.578750521146
1732024217307963136 -2351.07959 178.316132 1341.394806 0.5465241086571367 -1.2956233397133317 177.5766049936071
1732024217341304832 -2351.105957 178.324738 1341.407608 0.5518049692169544 -1.3089035214031204 177.5707387699996
1732024217374646016 -2351.121826 178.331116 1341.422485 0.5570717879499163 -1.3028089132812564 177.57257366554373
1732024217407987456 -2350.424561 178.467957 1341.119949 0.4207689597324468 -1.4553420646677653 177.809485510506
1732024217441328640 -2350.51709 178.377228 1341.206635 0.4693586278045128 -1.4134502598768555 177.7538269871591
1732024217474669824 -2350.496582 178.372284 1341.22139 0.46995929304492146 -1.4082369742332475 177.75028746425843
1732024217508011264 -2350.511963 178.393631 1341.206421 0.47192780707579596 -1.412298818015132 177.75056003699618
1732024217541352448 -2350.530273 178.371063 1341.221451 0.4746849357279461 -1.4146158539557956 177.75607788687475
1732024217574693632 -2350.510742 178.380768 1341.237869 0.4790917594366532 -1.4147252652749724 177.75455949431304
1732024217608034816 -2349.576904 178.823883 1341.077988 0.44996590383557594 -1.303648848545863 177.58507804196412
1732024217641375232 -2349.147217 178.937912 1340.885651 0.33005531178978154 -1.2342507996447005 177.83532629758014
1732024217674716416 -2349.32959 178.769913 1340.833817 0.28942275280677177 -1.1788682046043246 177.83822404922327
1732024217708057856 -2349.328857 178.778458 1340.811874 0.3013157215209058 -1.1677151703700006 177.8345788301141
1732024217741399040 -2348.778809 178.961975 1340.6397709999999 0.3752988082878313 -1.0829580755182004 177.65397387545266
1732024217774740224 -2348.821289 178.939911 1340.662537 0.364294672916516 -1.0867842850003089 177.6708404090869
1732024217808081664 -2348.737305 178.800827 1340.567413 0.3837877532190376 -1.0773903904332587 177.67154826108512
1732024217841422848 -2348.788086 178.943298 1340.635681 0.37465046898083315 -1.0850248402755778 177.6602518566
1732024217874764288 -2348.790039 178.891068 1340.654846 0.36345309166291695 -1.0833647109007538 177.66165593869215
1732024217908105728 -2348.805664 178.943756 1340.659378 0.36281196829727663 -1.0908037008338405 177.67258944087698
1732024217941446656 -2348.799072 178.932281 1340.657501 0.36353962306470994 -1.085929219479359 177.66706547377368
1732024217974788096 -2348.834961 178.936096 1340.6816410000001 0.34952070186113243 -1.097065317839705 177.67306874463685
1732024218008129280 -2348.814697 178.935547 1340.685364 0.36080639786070884 -1.1045072074292546 177.66880398399906
1732024218041470464 -2348.798096 178.921371 1340.656723 0.35972099932488943 -1.1057104735010612 177.67093199409913
1732024218074811648 -2348.806396 178.89476 1340.65213 0.36148918754851866 -1.10152079302836 177.67190460379516
1732024218108152064 -2348.804932 178.90332 1340.6680450000001 0.3614347512149166 -1.1056980356011639 177.6685924508459
1732024218141493504 -2348.810303 178.912186 1340.672272 0.36309871004098443 -1.1019974863331747 177.66950727615875
1732024218174834688 -2348.793457 178.909805 1340.6681370000001 0.3600102751179971 -1.1064083405839373 177.66625284801322
1732024218208176128 -2348.807129 178.905411 1340.674484 0.35385653465515676 -1.0955046705825804 177.66898880311953
1732024218241517312 -2348.810059 178.927444 1340.674026 0.34835111986618494 -1.09522160230097 177.67156705659949
1732024218274858496 -2348.791016 178.899857 1340.668777 0.3581835221931559 -1.099803365335678 177.66927606076618
1732024218308199680 -2348.812988 178.924896 1340.667877 0.35507850877051517 -1.1027440797867516 177.67345402444658
1732024218341541120 -2348.804443 178.911865 1340.659241 0.35538119377258004 -1.0979722533777734 177.67065697000572
1732024218374882304 -2348.803955 178.907501 1340.6651610000001 0.35324428848023454 -1.1015419695226893 177.67092371630181
1732024218408223488 -2348.8125 178.909698 1340.6836700000001 0.3529505509923993 -1.0926980024242086 177.67376737210108
1732024218441564672 -2348.816162 178.92627 1340.658615 0.35076940782825616 -1.1047505258464094 177.67277133772114
1732024218474905856 -2348.80957 178.939438 1340.663727 0.3609265756398521 -1.1086387112138227 177.67099592643044
1732024218508247296 -2348.819336 178.923889 1340.660828 0.36441455612340945 -1.0991128137177868 177.67257292272856
1732024218541587456 -2348.835693 178.925735 1340.661545 0.35317201169873064 -1.1091546419625418 177.6765761332954
1732024218574928640 -2348.807373 178.906937 1340.668427 0.3569710784127061 -1.096143744165204 177.6742901514064
1732024218608270080 -2348.807373 178.914993 1340.68428 0.36354949480369125 -1.1000831705730512 177.67513038707702
1732024218641611264 -2348.826416 178.915009 1340.670044 0.3532897926879193 -1.0963040179521946 177.68479110079264
1732024218674952448 -2348.81543 178.914581 1340.695786 0.35793900282707664 -1.093943164754121 177.67331305902906
1732024218708293632 -2348.815918 178.913971 1340.676392 0.34878273950238176 -1.1002622753428712 177.6731222179566
1732024218741635072 -2348.820557 178.935822 1340.675247 0.3409892611891569 -1.1016173859324003 177.6815660101268
1732024218774976000 -2348.831299 178.905914 1340.699692 0.3552553472513383 -1.1012480476006075 177.67276934156436
1732024218808317440 -2348.81543 178.922302 1340.656845 0.3551432540541549 -1.1032307775890628 177.6737097501843
1732024218841659136 -2348.806396 178.900116 1340.660828 0.3672184895474215 -1.1002597632116025 177.67254177053832
1732024218875000832 -2348.804932 178.908493 1340.648849 0.35524142750709703 -1.106833745595937 177.6711728747184
1732024218908342272 -2348.797119 178.882767 1340.659302 0.3652780746106809 -1.105272524132704 177.66743875633148
1732024218941683968 -2348.803467 178.889709 1340.652008 0.36658915313325113 -1.09875249949569 177.67220882591405
1732024218975024640 -2348.648193 178.648911 1340.534851 0.3311606817155983 -1.1054171007363243 177.67743437457113
1732024219008366336 -2348.662598 178.66333 1340.524673 0.33135266671863 -1.1057612076073369 177.679037131558
1732024219041708032 -2348.677734 178.651703 1340.537796 0.3408212160126064 -1.0938685562509718 177.6767481142239
1732024219075049984 -2348.681396 178.653198 1340.534546 0.33914374061934477 -1.1112301689295623 177.68212542204117
1732024219108391168 -2348.666504 178.654633 1340.539108 0.33167752655974025 -1.0974473984760116 177.6813266877474
1732024219141733120 -2348.673584 178.660965 1340.539658 0.33707998432672037 -1.0984869562554447 177.6820735304396
1732024219175074816 -2348.67749 178.654495 1340.556122 0.3312491348908172 -1.1025198599560404 177.68879802347345
1732024219208416512 -2348.688965 178.649979 1340.546249 0.338753652665517 -1.1050767088856432 177.6828671401501
1732024219241758464 -2348.674805 178.66568 1340.555908 0.3386249281348326 -1.0967637296260577 177.68172000334542
1732024219275099904 -2348.619629 178.896286 1340.683716 0.4103093044278095 -1.1364339073219205 177.68496750210895
1732024219308441600 -2348.616211 178.901169 1340.684311 0.4099166245120372 -1.1343908883404217 177.67998994831842
1732024219341783296 -2348.600098 178.901962 1340.678909 0.3996097893017231 -1.1214739176547477 177.68123329988177
1732024219375124736 -2348.678711 178.645706 1340.527878 0.339417795443751 -1.1031754192662955 177.68430006419138
1732024219408466688 -2348.661865 178.626358 1340.531601 0.33816186787925084 -1.0987549792550444 177.68338146071363
1732024219441807616 -2348.615723 178.913254 1340.694382 0.39577871378965973 -1.126001754835109 177.68372029746843
1732024219475149056 -2348.602051 178.890213 1340.65892 0.40808445376115543 -1.1306267035106816 177.68357885344037
1732024219508490752 -2348.602783 178.890213 1340.668915 0.41634356959700597 -1.1362397732296934 177.68023360776883
1732024219541832448 -2348.669922 178.639923 1340.532745 0.3353169877524458 -1.097871345414217 177.6852467096513
1732024219575174400 -2348.600586 178.920944 1340.670105 0.40551886390111774 -1.137455234424137 177.68739174693727
1732024219608516096 -2348.590576 178.880615 1340.661392 0.41931709432674924 -1.13894260119998 177.68357621732298
1732024219641857536 -2348.666992 178.650726 1340.530563 0.3414442285029706 -1.0955797572492134 177.67816960559145
1732024219675199488 -2348.662842 178.698807 1340.537949 0.3402141706297213 -1.0978152976570257 177.67963707689893
1732024219708541440 -2348.670898 178.659103 1340.524185 0.33571626813145766 -1.100038505215481 177.6840606965724
1732024219741882880 -2348.735107 178.792892 1340.592026 0.3228715441354363 -1.116355422759108 177.67438342512665
1732024219775224320 -2348.7229 178.783722 1340.589615 0.32030509726851497 -1.112983243299007 177.6689712911568
1732024219808566272 -2348.735596 178.758957 1340.588425 0.32342500097122573 -1.1251300922761596 177.6683851635939
1732024219841908480 -2348.741455 178.778564 1340.58905 0.3236023013470465 -1.1203639036453714 177.66670706463702
1732024219875249664 -2348.724854 178.739059 1340.577438 0.33649856342741136 -1.131258777633272 177.66909541189273
1732024219908591872 -2348.765137 178.757401 1340.542618 0.34339808798991067 -1.105600875226463 177.6779741585082
1732024219941933824 -2348.817139 178.908173 1340.641953 0.3678532787950308 -1.0986222112084911 177.66571738274257
1732024219975276032 -2348.796143 178.897476 1340.654968 0.36575265499203113 -1.1053035709136463 177.67173519692676
1732024220008618240 -2348.813232 178.91391 1340.667999 0.3613089242680678 -1.1010532039697336 177.67767127090517
1732024220041959936 -2348.810059 178.915619 1340.661407 0.3546219364750203 -1.0954578101847636 177.6786450759745
1732024220075302656 -2348.804443 178.901901 1340.665421 0.36173048110507616 -1.0959766641348416 177.6797209320016
1732024220108644608 -2348.827148 178.912872 1340.657288 0.36067613270088783 -1.1009511327287476 177.6776782524834
1732024220141986816 -2348.812012 178.90863 1340.664688 0.35638125322186437 -1.0881161052189845 177.67988655153547
1732024220175329280 -2348.812012 178.895142 1340.670456 0.35981841348179877 -1.096647019108105 177.68025398789354
1732024220208670720 -2348.821777 178.899384 1340.672821 0.35924403038863867 -1.0972069646740064 177.68154759417249
1732024220242013440 -2348.821045 178.904999 1340.661041 0.3566711320007875 -1.0991807161520601 177.6820244993214
1732024220275355904 -2348.823975 178.887695 1340.655701 0.35680583669267135 -1.0989496848821085 177.6824256165188
1732024220308696832 -2348.82373 178.910568 1340.670471 0.3541586172082201 -1.098372257040606 177.68228088475394
1732024220342039040 -2348.80249 178.912476 1340.645279 0.3595071434310066 -1.1039388927357914 177.6715143772563
1732024220375381504 -2348.80542 178.896072 1340.638443 0.3589753530339831 -1.1128143846646945 177.6740398763068
1732024220408723712 -2348.733887 178.787201 1340.593018 0.32052445076766545 -1.118484168163793 177.66972618072342
1732024220442065920 -2348.668213 178.660538 1340.521515 0.3413856264273023 -1.1050246958906582 177.68327167442197
1732024220475408384 -2348.756592 178.795319 1340.59726 0.3174735705764856 -1.1196152228376106 177.673337088761
1732024220508750080 -2348.680664 178.643753 1340.551559 0.3306099909368437 -1.097910668445919 177.68598046863647
1732024220542092288 -2348.730713 178.767715 1340.600388 0.3144371338288925 -1.114073302762082 177.66750621987393
1732024220575435008 -2348.722656 178.78392 1340.587143 0.31025869416854823 -1.1096689800693555 177.6723206219645
1732024220608776704 -2348.746826 178.790695 1340.613922 0.3245473621430783 -1.1093813963447605 177.67315660993427
1732024220642119680 -2348.745117 178.763687 1340.60231 0.32343923740510316 -1.113788275299397 177.67255090687655
1732024220675461888 -2348.753174 178.778519 1340.604614 0.31365150088184507 -1.103835293146032 177.67081389444937
1732024220708804096 -2348.682129 178.645386 1340.550232 0.33685212670247133 -1.0987218593029657 177.68241883348583
1732024220742146304 -2348.677246 178.640884 1340.519775 0.3292206361926888 -1.091380775851336 177.68853842850112
1732024220775488000 -2348.696533 178.643341 1340.539215 0.33493813865209693 -1.1040674221964544 177.68405465449504
1732024220808829952 -2348.686279 178.64566 1340.542542 0.34231126136121054 -1.106861844890026 177.68036005430045
1732024220842171904 -2348.694824 178.653229 1340.5364690000001 0.3311872352266018 -1.1017371118997694 177.6847003537556
1732024220875513600 -2348.692627 178.626251 1340.527695 0.34378968729396087 -1.097118614949738 177.68189813164028
1732024220908855296 -2348.752197 178.751511 1340.586121 0.35605790947780175 -1.0800973750200151 177.69069877525394
1732024220942196736 -2348.750488 178.75563 1340.6101840000001 0.3584455906551352 -1.0847789130092598 177.69068854451265
1732024220975538688 -2348.771729 178.765839 1340.615936 0.35699938593904595 -1.0840415960888163 177.69348653532015
1732024221008880384 -2348.77002 178.765305 1340.609482 0.3679260760990149 -1.079807354953792 177.6928810474917
1732024221042222336 -2348.793213 178.769852 1340.60434 0.3566605794534154 -1.080389441868643 177.69723030601753
1732024221075564032 -2348.72583 178.77475 1340.59491 0.3689897683950524 -1.0743028814736162 177.68990792266257
1732024221108905472 -2348.72583 178.768814 1340.611374 0.35948396889126016 -1.0753860194190892 177.6911414035365
1732024221142247424 -2348.749512 178.808105 1340.608536 0.35655244550423326 -1.0769547037346818 177.69830438911384
1732024221175589120 -2348.754639 178.775772 1340.602615 0.3606405299387559 -1.0815831497298622 177.69119469021786
1732024221208929536 -2348.75415 178.760986 1340.584213 0.36492357061526587 -1.0736135575563968 177.6910392736589
1732024221242271488 -2348.751221 178.761673 1340.601456 0.36184774496183614 -1.0763804850778271 177.69484355047
1732024221275613184 -2348.756104 178.75885 1340.5839839999999 0.36877327019601874 -1.0811904071460816 177.69114668732632
1732024221308955136 -2348.765625 178.774063 1340.600647 0.35906602594322423 -1.0795137700508286 177.6986154046872
1732024221342296320 -2348.76416 178.74971 1340.593384 0.3650921009220382 -1.0826352263379866 177.68948584722997
1732024221375638528 -2348.754639 178.781403 1340.618622 0.3598204884466027 -1.0774609335590475 177.68728907353935
1732024221408980480 -2348.756836 178.790741 1340.609009 0.344067126960979 -1.071383611651626 177.69735203609991
1732024221442321920 -2348.751709 178.778015 1340.575272 0.35204020839754185 -1.0806700500244122 177.6924270079508
1732024221475663616 -2348.748291 178.761078 1340.605759 0.34829879208273384 -1.0807782046871095 177.69424118790445
1732024221509005312 -2348.736084 178.758179 1340.578568 0.3591280151595061 -1.0733168722259314 177.69705902985385
1732024221542347264 -2348.756592 178.7621 1340.605713 0.3506213784299313 -1.068906459896423 177.69913370031804
1732024221575688704 -2348.739014 178.745682 1340.58931 0.3571254901628352 -1.0844971629504059 177.69325414060356
1732024221609030400 -2348.75415 178.72934 1340.59935 0.3590152252088445 -1.0809093250967738 177.69488289176417
1732024221642371072 -2348.716553 178.765091 1340.574814 0.3499698915784654 -1.0787901083698013 177.692138269824
1732024221675713024 -2348.723633 178.748779 1340.553909 0.3548816625961057 -1.07869592084661 177.69384116381138
1732024221709054720 -2348.719238 178.784851 1340.5770420000001 0.36956562037604523 -1.088594891869334 177.6898798864506
1732024221742396928 -2348.729736 178.756668 1340.572784 0.3595950831238013 -1.0848327966124438 177.68749495354453
1732024221775738112 -2348.720947 178.757065 1340.578598 0.36143004624760183 -1.0781565574984717 177.6913138025442
1732024221809080064 -2348.668457 178.633209 1340.537857 0.34194246806740985 -1.1023241317446295 177.68522493126096
