1731492923164935680.000000 -2374.446533 10.631263 140.899551 0.999905 0.000245 0.013785 -0.000314 0.999987 0.005007 -0.013784 -0.005011 0.999892
1731492923198279168.000000 -2374.411377 10.584334 140.874908 0.999903 -0.000112 0.013936 0.000037 0.999986 0.005367 -0.013936 -0.005366 0.999888
1731492923231620864.000000 -2374.400879 10.821466 141.222000 0.999926 -0.001460 0.012099 0.001375 0.999974 0.007015 -0.012109 -0.006998 0.999902
1731492923264961024.000000 -2374.432617 11.206750 141.340668 0.999945 -0.003938 0.009758 0.003897 0.999983 0.004281 -0.009775 -0.004243 0.999943
1731492923298299136.000000 -2374.479492 11.225547 141.367569 0.999946 -0.001952 0.010217 0.001900 0.999985 0.005058 -0.010227 -0.005038 0.999935
1731492923331635200.000000 -2374.495605 11.176196 141.424911 0.999948 -0.001698 0.010059 0.001650 0.999987 0.004808 -0.010067 -0.004791 0.999938
1731492923364969984.000000 -2374.311523 11.143938 141.367966 0.999950 -0.002321 0.009723 0.002282 0.999989 0.004057 -0.009732 -0.004035 0.999945
1731492923398302720.000000 -2374.312744 10.985575 141.300613 0.999952 -0.002592 0.009395 0.002554 0.999989 0.004052 -0.009405 -0.004028 0.999948
1731492923431633408.000000 -2374.306885 11.106417 141.378555 0.999951 -0.002345 0.009657 0.002307 0.999989 0.003984 -0.009666 -0.003962 0.999945
1731492923464963072.000000 -2374.325195 10.968866 141.257355 0.999955 -0.002356 0.009194 0.002325 0.999992 0.003357 -0.009202 -0.003336 0.999952
1731492923498290176.000000 -2374.353516 11.117169 141.309601 0.999950 -0.002349 0.009755 0.002314 0.999991 0.003591 -0.009763 -0.003568 0.999946
1731492923531615744.000000 -2374.351074 11.104574 141.329361 0.999954 -0.002183 0.009367 0.002155 0.999993 0.003026 -0.009374 -0.003006 0.999952
1731492923564939776.000000 -2374.369385 11.152901 141.303329 0.999951 -0.002161 0.009623 0.002129 0.999992 0.003401 -0.009630 -0.003380 0.999948
1731492923598260736.000000 -2374.326904 11.046371 141.330917 0.999952 -0.002414 0.009539 0.002376 0.999989 0.003928 -0.009549 -0.003906 0.999947
1731492923631580928.000000 -2374.283936 11.013074 141.271317 0.999948 -0.002567 0.009831 0.002528 0.999989 0.004006 -0.009841 -0.003980 0.999944
1731492923664899072.000000 -2374.252441 10.718488 141.022675 0.999938 -0.001208 0.011071 0.001190 0.999998 0.001702 -0.011073 -0.001689 0.999937
1731492923698215936.000000 -2374.268311 10.685029 141.047363 0.999936 -0.001084 0.011248 0.001062 0.999998 0.001944 -0.011250 -0.001932 0.999935
1731492923731531008.000000 -2374.266113 10.734947 141.010696 0.999934 -0.001302 0.011429 0.001280 0.999997 0.001935 -0.011432 -0.001920 0.999933
1731492923764843776.000000 -2374.314209 10.731503 141.019867 0.999928 -0.000842 0.011932 0.000814 0.999997 0.002394 -0.011934 -0.002384 0.999926
1731492923798155008.000000 -2374.321777 10.644437 140.899979 0.999903 0.000351 0.013927 -0.000410 0.999991 0.004226 -0.013925 -0.004231 0.999894
1731492923831464192.000000 -2374.288574 10.510982 140.866730 0.999911 -0.000169 0.013336 0.000113 0.999991 0.004197 -0.013337 -0.004195 0.999902
1731492923864772096.000000 -2374.044434 10.510227 140.904953 0.999920 0.000696 0.012599 -0.000744 0.999993 0.003772 -0.012596 -0.003781 0.999914
1731492923898078720.000000 -2374.400391 10.610807 140.651108 0.999867 -0.001187 0.016261 0.001074 0.999976 0.006914 -0.016269 -0.006895 0.999844
1731492923931358464.000000 -2375.154297 10.048285 141.353149 0.999969 -0.000675 0.007856 0.000683 0.999999 -0.001091 -0.007855 0.001096 0.999969
1731492923964635136.000000 -2374.996338 10.126370 141.215576 0.999953 -0.000531 0.009641 0.000525 1.000000 0.000572 -0.009642 -0.000567 0.999953
1731492923997908480.000000 -2374.899658 10.136681 141.123306 0.999946 -0.000629 0.010396 0.000617 0.999999 0.001167 -0.010397 -0.001161 0.999945
1731492924031177984.000000 -2374.834717 10.115870 141.097092 0.999945 -0.000513 0.010462 0.000500 0.999999 0.001210 -0.010462 -0.001204 0.999945
1731492924064444928.000000 -2374.880859 10.102777 141.115585 0.999946 -0.000430 0.010340 0.000416 0.999999 0.001343 -0.010341 -0.001338 0.999946
1731492924097709056.000000 -2374.838135 10.111637 141.113388 0.999945 -0.000427 0.010521 0.000414 0.999999 0.001246 -0.010521 -0.001242 0.999944
1731492924130970112.000000 -2374.853271 10.101031 141.119888 0.999945 -0.000477 0.010481 0.000461 0.999999 0.001484 -0.010482 -0.001479 0.999944
1731492924164227840.000000 -2374.849121 10.102705 141.117874 0.999946 -0.000502 0.010406 0.000486 0.999999 0.001520 -0.010407 -0.001515 0.999945
1731492924197482240.000000 -2374.837402 10.101289 141.105957 0.999945 -0.000576 0.010501 0.000561 0.999999 0.001486 -0.010502 -0.001481 0.999944
1731492924230733568.000000 -2374.828857 10.104741 141.107086 0.999945 -0.000504 0.010450 0.000487 0.999999 0.001660 -0.010451 -0.001655 0.999944
1731492924263982080.000000 -2374.933594 10.205844 141.179657 0.999941 -0.000140 0.010841 0.000113 0.999997 0.002493 -0.010842 -0.002492 0.999938
1731492924297227264.000000 -2374.972900 10.308623 141.187637 0.999942 0.000214 0.010801 -0.000247 0.999995 0.003057 -0.010800 -0.003059 0.999937
1731492924330469376.000000 -2375.093262 10.441362 141.284164 0.999943 -0.000624 0.010697 0.000591 0.999995 0.003098 -0.010699 -0.003092 0.999938
1731492924363707904.000000 -2375.170410 10.291820 141.270004 0.999956 -0.000698 0.009368 0.000688 0.999999 0.001090 -0.009369 -0.001084 0.999956
1731492924396943616.000000 -2375.182373 10.321148 141.263016 0.999954 -0.000835 0.009567 0.000820 0.999998 0.001614 -0.009569 -0.001606 0.999953
1731492924430176256.000000 -2375.175537 10.297558 141.240677 0.999952 -0.000999 0.009693 0.000982 0.999998 0.001760 -0.009695 -0.001751 0.999951
1731492924463405824.000000 -2375.159912 10.318445 141.200836 0.999950 -0.000878 0.009958 0.000858 0.999998 0.002007 -0.009959 -0.001998 0.999948
1731492924496630784.000000 -2375.147217 10.280285 141.182785 0.999952 -0.000907 0.009749 0.000887 0.999997 0.002084 -0.009751 -0.002075 0.999950
1731492924529853952.000000 -2375.137695 10.315834 141.195358 0.999952 -0.001210 0.009683 0.001176 0.999993 0.003575 -0.009688 -0.003564 0.999947
1731492924563074048.000000 -2375.151855 10.245245 141.141602 0.999954 -0.001415 0.009442 0.001386 0.999994 0.003089 -0.009446 -0.003076 0.999951
1731492924596290816.000000 -2375.101318 10.202978 141.099335 0.999955 -0.001351 0.009438 0.001325 0.999995 0.002742 -0.009442 -0.002729 0.999952
1731492924629504512.000000 -2374.883301 10.162167 141.408142 0.999984 -0.000633 0.005610 0.000640 0.999999 -0.001193 -0.005609 0.001196 0.999984
1731492924662714880.000000 -2374.835693 10.196877 141.337601 0.999983 -0.000658 0.005779 0.000665 0.999999 -0.001179 -0.005779 0.001183 0.999983
1731492924695922432.000000 -2374.827881 10.179193 141.395523 0.999984 -0.000535 0.005690 0.000542 0.999999 -0.001309 -0.005690 0.001312 0.999983
1731492924729126400.000000 -2374.901367 10.147987 141.451172 0.999985 -0.000539 0.005401 0.000548 0.999999 -0.001608 -0.005400 0.001611 0.999984
1731492924762327552.000000 -2375.153809 10.214391 141.425873 0.999967 -0.001512 0.008025 0.001508 0.999999 0.000515 -0.008026 -0.000503 0.999968
1731492924795525376.000000 -2375.045166 10.230751 141.475342 0.999949 -0.001225 0.010073 0.001224 0.999999 0.000129 -0.010073 -0.000117 0.999949
1731492924828720384.000000 -2375.022461 10.549583 141.796875 0.999906 -0.000157 0.013737 0.000144 1.000000 0.000943 -0.013737 -0.000941 0.999905
1731492924861912064.000000 -2374.978760 11.463011 142.925018 0.999893 0.000792 0.014639 -0.000731 0.999991 -0.004234 -0.014642 0.004223 0.999884
1731492924895101440.000000 -2374.936768 12.197994 144.128769 0.999908 -0.000476 0.013530 0.000628 0.999937 -0.011229 -0.013524 0.011237 0.999845
1731492924928442880.000000 -2375.000488 12.924108 146.179993 0.999945 -0.000707 0.010483 0.000929 0.999776 -0.021155 -0.010465 0.021164 0.999721
1731492924961785600.000000 -2375.039307 13.000375 147.129318 0.999919 0.002118 0.012538 -0.001882 0.999822 -0.018772 -0.012575 0.018747 0.999745
1731492924995128064.000000 -2375.121338 12.167669 148.347778 0.999900 0.001315 0.014062 -0.001251 0.999989 -0.004569 -0.014067 0.004551 0.999891
1731492925028471040.000000 -2375.326172 11.250195 150.282654 0.999883 0.000769 0.015292 -0.000936 0.999940 0.010899 -0.015282 -0.010912 0.999824
1731492925061813760.000000 -2375.565674 10.155350 153.621338 0.999870 0.001216 0.016075 -0.001684 0.999574 0.029131 -0.016033 -0.029154 0.999446
1731492925095156736.000000 -2376.023682 9.289708 156.998474 0.999902 -0.000281 0.014001 -0.000170 0.999482 0.032174 -0.014003 -0.032173 0.999384
1731492925128499968.000000 -2376.450928 8.724019 161.204514 0.999901 -0.002115 0.013927 0.001698 0.999552 0.029882 -0.013984 -0.029856 0.999456
1731492925161843200.000000 -2377.347900 7.319151 169.480164 0.999905 -0.005999 0.012433 0.005740 0.999767 0.020805 -0.012555 -0.020731 0.999706
1731492925195186944.000000 -2377.882812 6.027068 175.232147 0.999879 -0.009472 0.012380 0.009221 0.999754 0.020169 -0.012568 -0.020052 0.999720
1731492925228530688.000000 -2378.841309 4.245419 181.793518 0.999839 -0.013523 0.011793 0.013326 0.999772 0.016675 -0.012015 -0.016515 0.999791
1731492925261874176.000000 -2379.456299 2.616219 189.575699 0.999794 -0.016279 0.012114 0.016077 0.999734 0.016548 -0.012380 -0.016350 0.999790
1731492925295217920.000000 -2380.222168 0.606229 198.837708 0.999732 -0.021979 0.007307 0.021895 0.999695 0.011440 -0.007556 -0.011277 0.999908
1731492925328562176.000000 -2381.477051 -3.165439 220.604141 0.999658 -0.026098 0.001770 0.026076 0.999594 0.011466 -0.002069 -0.011416 0.999933
1731492925361905408.000000 -2381.949951 -5.492628 232.718826 0.999585 -0.028724 -0.001995 0.028747 0.999507 0.012591 0.001632 -0.012643 0.999919
1731492925395249920.000000 -2382.430908 -7.494955 245.503510 0.999611 -0.027812 -0.001817 0.027833 0.999528 0.012979 0.001455 -0.013025 0.999914
1731492925428594432.000000 -2383.017090 -8.632436 254.244354 0.999587 -0.028634 -0.002489 0.028668 0.999475 0.015062 0.002057 -0.015127 0.999883
1731492925461938944.000000 -2383.096436 -10.594140 266.899445 0.999558 -0.029648 -0.002243 0.029686 0.999372 0.019323 0.001669 -0.019381 0.999811
1731492925495283456.000000 -2383.514893 -12.602820 279.298157 0.999641 -0.026777 -0.000029 0.026772 0.999448 0.019695 -0.000499 -0.019689 0.999806
1731492925528628224.000000 -2383.842773 -13.979339 291.567932 0.999702 -0.024320 0.001968 0.024273 0.999477 0.021357 -0.002486 -0.021303 0.999770
1731492925561973504.000000 -2384.003174 -15.893189 306.871002 0.999696 -0.024110 0.005217 0.023993 0.999485 0.021309 -0.005728 -0.021178 0.999759
1731492925595318784.000000 -2384.543457 -16.836361 318.330414 0.999708 -0.023303 0.006392 0.023178 0.999552 0.018956 -0.006831 -0.018802 0.999800
1731492925628664064.000000 -2384.545898 -17.653595 329.431519 0.999698 -0.023625 0.006773 0.023496 0.999551 0.018570 -0.007209 -0.018405 0.999805
1731492925662009600.000000 -2384.331055 -18.927345 343.699158 0.999667 -0.024882 0.006771 0.024755 0.999529 0.018151 -0.007219 -0.017977 0.999812
1731492925695355136.000000 -2384.105225 -19.395426 354.443176 0.999671 -0.024711 0.006926 0.024584 0.999538 0.017877 -0.007365 -0.017701 0.999816
1731492925728700928.000000 -2383.690674 -20.183908 364.682831 0.999644 -0.026000 0.006072 0.025879 0.999479 0.019267 -0.006570 -0.019103 0.999796
1731492925762046720.000000 -2383.974365 -20.404345 378.212280 0.999598 -0.027732 0.005876 0.027611 0.999421 0.019859 -0.006423 -0.019689 0.999786
1731492925795393024.000000 -2383.981689 -20.748846 387.657776 0.999568 -0.028806 0.005861 0.028671 0.999349 0.021879 -0.006488 -0.021702 0.999743
1731492925828738304.000000 -2384.295654 -20.734283 397.022430 0.999554 -0.029305 0.005784 0.029160 0.999294 0.023689 -0.006474 -0.023510 0.999703
1731492925862084608.000000 -2384.962402 -20.740454 408.828125 0.999500 -0.031028 0.006099 0.030889 0.999287 0.021707 -0.006768 -0.021508 0.999746
1731492925895431168.000000 -2385.686035 -20.436466 417.462494 0.999503 -0.031033 0.005480 0.030909 0.999292 0.021451 -0.006141 -0.021271 0.999755
1731492925928785152.000000 -2386.590576 -20.244442 425.996735 0.999433 -0.033460 0.003849 0.033372 0.999222 0.021020 -0.004550 -0.020880 0.999772
1731492925962139648.000000 -2387.527344 -19.980867 436.936584 0.999394 -0.034756 0.001629 0.034716 0.999196 0.020035 -0.002324 -0.019966 0.999798
1731492925995494656.000000 -2388.217529 -19.795557 444.760284 0.999361 -0.035753 -0.000080 0.035748 0.999152 0.020447 -0.000651 -0.020437 0.999791
1731492926028850176.000000 -2388.998779 -19.607920 452.350555 0.999338 -0.036367 -0.000273 0.036364 0.999093 0.022143 -0.000533 -0.022139 0.999755
1731492926062205696.000000 -2390.111572 -19.232225 462.186371 0.999254 -0.038607 -0.000774 0.038614 0.998918 0.025912 -0.000227 -0.025923 0.999664
1731492926095561984.000000 -2390.890137 -18.922171 469.429169 0.999236 -0.039065 -0.000783 0.039072 0.998865 0.027244 -0.000282 -0.027253 0.999629
1731492926128918528.000000 -2391.398926 -18.942766 476.354370 0.999189 -0.040202 -0.002099 0.040246 0.998764 0.029163 0.000924 -0.029224 0.999572
1731492926162276096.000000 -2391.365234 -18.838789 485.029602 0.999251 -0.038642 -0.001845 0.038682 0.998747 0.031746 0.000616 -0.031793 0.999494
1731492926195633408.000000 -2391.743408 -18.820175 491.482422 0.999228 -0.039174 -0.003068 0.039253 0.998706 0.032340 0.001798 -0.032436 0.999472
1731492926228991488.000000 -2391.676025 -19.179817 497.791229 0.999264 -0.038006 -0.005161 0.038148 0.998787 0.031148 0.003971 -0.031322 0.999501
1731492926262348544.000000 -2391.441162 -19.726141 505.878815 0.999291 -0.037016 -0.006859 0.037207 0.998855 0.030087 0.005738 -0.030321 0.999524
1731492926295707392.000000 -2390.893555 -20.323568 512.013672 0.999383 -0.034611 -0.006038 0.034774 0.998962 0.029414 0.005013 -0.029606 0.999549
1731492926329066752.000000 -2390.467041 -20.966642 518.445984 0.999424 -0.033576 -0.004918 0.033699 0.999052 0.027556 0.003988 -0.027706 0.999608
1731492926362426624.000000 -2389.876221 -22.151974 527.188049 0.999450 -0.032795 -0.004837 0.032902 0.999169 0.024063 0.004044 -0.024209 0.999699
1731492926395786496.000000 -2389.471680 -23.036575 534.139587 0.999445 -0.032963 -0.004876 0.033061 0.999223 0.021447 0.004165 -0.021597 0.999758
1731492926429146880.000000 -2388.598877 -24.222145 540.733215 0.999463 -0.032686 -0.002239 0.032727 0.999228 0.021722 0.001527 -0.021784 0.999762
1731492926462508032.000000 -2387.924561 -25.902325 549.836487 0.999461 -0.032685 -0.003099 0.032739 0.999281 0.019146 0.002471 -0.019237 0.999812
1731492926495869184.000000 -2387.115479 -27.339451 556.359375 0.999485 -0.031988 -0.002420 0.032030 0.999295 0.019581 0.001792 -0.019648 0.999805
1731492926529231104.000000 -2386.258545 -28.323105 562.745483 0.999536 -0.030430 0.000972 0.030398 0.999242 0.024328 -0.001711 -0.024287 0.999704
1731492926562593280.000000 -2385.139404 -30.168726 570.854797 0.999542 -0.030256 0.000897 0.030224 0.999232 0.024927 -0.001650 -0.024889 0.999689
1731492926595955968.000000 -2384.855469 -31.168005 577.089111 0.999474 -0.032422 -0.000676 0.032429 0.999213 0.022859 -0.000066 -0.022869 0.999738
1731492926629318912.000000 -2384.527344 -32.129803 583.345093 0.999432 -0.033401 -0.004556 0.033475 0.999288 0.017423 0.003971 -0.017566 0.999838
1731492926662682368.000000 -2383.922363 -33.374432 591.395752 0.999328 -0.036049 -0.006689 0.036127 0.999276 0.011929 0.006254 -0.012162 0.999906
1731492926696045056.000000 -2383.347412 -34.684635 599.315430 0.999232 -0.038653 -0.006387 0.038706 0.999216 0.008313 0.006061 -0.008554 0.999945
1731492926729409536.000000 -2382.912842 -36.120712 607.382568 0.999056 -0.043028 -0.005997 0.043054 0.999064 0.004176 0.005811 -0.004430 0.999973
1731492926762774272.000000 -2382.742920 -36.733845 611.387695 0.998949 -0.045400 -0.006233 0.045426 0.998960 0.004046 0.006043 -0.004324 0.999972
1731492926796139520.000000 -2382.489746 -37.470577 617.554321 0.998783 -0.048857 -0.006679 0.048883 0.998797 0.003880 0.006482 -0.004202 0.999970
1731492926829505280.000000 -2382.318359 -38.273712 623.590820 0.998579 -0.052691 -0.008011 0.052754 0.998577 0.007790 0.007589 -0.008202 0.999938
1731492926862871296.000000 -2382.070557 -39.266476 631.505920 0.998289 -0.057667 -0.009627 0.057794 0.998237 0.013550 0.008829 -0.014083 0.999862
1731492926896237312.000000 -2381.825195 -39.915607 637.451294 0.998057 -0.061283 -0.011289 0.061481 0.997943 0.018164 0.010153 -0.018822 0.999771
1731492926929579520.000000 -2381.695557 -40.483765 643.000061 0.997897 -0.064076 -0.009802 0.064300 0.997629 0.024521 0.008208 -0.025099 0.999651
1731492926962921728.000000 -nan -nan -nan -nan -nan -nan -nan -nan -nan -nan -nan -nan
1731492926996263680.000000 -nan -nan -nan -nan -nan -nan -nan -nan -nan -nan -nan -nan
1731492927029606144.000000 -nan -nan -nan -nan -nan -nan -nan -nan -nan -nan -nan -nan
1731492927062948352.000000 -2381.384033 -44.454857 665.511536 0.997475 -0.069590 -0.014171 0.070027 0.996994 0.033147 0.011822 -0.034056 0.999350
1731492927096290304.000000 -2381.649658 -45.445038 669.347595 0.997366 -0.070411 -0.017390 0.070936 0.996978 0.031684 0.015106 -0.032834 0.999347
1731492927129632768.000000 -nan -nan -nan -nan -nan -nan -nan -nan -nan -nan -nan -nan
1731492927162973952.000000 -nan -nan -nan -nan -nan -nan -nan -nan -nan -nan -nan -nan
1731492927196315904.000000 -nan -nan -nan -nan -nan -nan -nan -nan -nan -nan -nan -nan
1731492927229658112.000000 -nan -nan -nan -nan -nan -nan -nan -nan -nan -nan -nan -nan
1731492927263000576.000000 -nan -nan -nan -nan -nan -nan -nan -nan -nan -nan -nan -nan
1731492927296342784.000000 -nan -nan -nan -nan -nan -nan -nan -nan -nan -nan -nan -nan
1731492927329685248.000000 -nan -nan -nan -nan -nan -nan -nan -nan -nan -nan -nan -nan
1731492927363027200.000000 -nan -nan -nan -nan -nan -nan -nan -nan -nan -nan -nan -nan
1731492927396369408.000000 -nan -nan -nan -nan -nan -nan -nan -nan -nan -nan -nan -nan
1731492927429711872.000000 -2383.445557 -53.038734 685.520752 0.997827 -0.065882 0.000552 0.065857 0.997619 0.020475 -0.001899 -0.020394 0.999790
1731492927463053824.000000 -2384.567871 -53.136993 686.525330 0.997812 -0.066069 0.002622 0.066008 0.997639 0.018982 -0.003870 -0.018768 0.999816
1731492927496396288.000000 -2385.675293 -53.084000 687.563110 0.997735 -0.067147 0.004019 0.067062 0.997577 0.018517 -0.005252 -0.018206 0.999820
1731492927529738752.000000 -2386.760254 -53.074692 688.605225 0.997567 -0.069567 0.004619 0.069455 0.997360 0.021209 -0.006082 -0.020836 0.999764
1731492927563080704.000000 -2388.617188 -52.256134 690.358948 0.997282 -0.073470 0.005560 0.073299 0.996961 0.026394 -0.007482 -0.025914 0.999636
1731492927596421888.000000 -nan -nan -nan -nan -nan -nan -nan -nan -nan -nan -nan -nan
1731492927629764096.000000 -nan -nan -nan -nan -nan -nan -nan -nan -nan -nan -nan -nan
1731492927663106560.000000 -nan -nan -nan -nan -nan -nan -nan -nan -nan -nan -nan -nan
1731492927696448768.000000 -2395.759033 -48.946552 695.754089 0.995964 -0.088961 0.011877 0.088522 0.995514 0.033404 -0.014795 -0.032218 0.999371
1731492927729791232.000000 -2397.188721 -48.039783 696.971741 0.995645 -0.092352 0.012770 0.091810 0.995052 0.037982 -0.016214 -0.036644 0.999197
1731492927763133184.000000 -2399.083008 -46.270512 698.869812 0.995242 -0.096570 0.012983 0.095936 0.994466 0.042828 -0.017047 -0.041378 0.998998
1731492927796475648.000000 -2400.508789 -44.776424 700.228699 0.994985 -0.099164 0.013122 0.098433 0.993991 0.047889 -0.017792 -0.046358 0.998766
1731492927829818368.000000 -2401.647461 -42.759346 701.813232 0.994762 -0.101507 0.012010 0.100782 0.993627 0.050482 -0.017058 -0.049007 0.998653
1731492927863160320.000000 -2403.062744 -39.854523 703.757446 0.994499 -0.104194 0.010767 0.103503 0.993272 0.051943 -0.016107 -0.050543 0.998592
1731492927896502784.000000 -2404.000488 -37.311245 705.184143 0.994443 -0.104982 0.007882 0.104439 0.993188 0.051676 -0.013253 -0.050566 0.998633
1731492927929843200.000000 -2404.979004 -34.572990 706.376892 0.994388 -0.105641 0.005757 0.105195 0.993059 0.052614 -0.011275 -0.051713 0.998598
1731492927963183616.000000 -2406.237549 -30.636972 707.639587 0.994606 -0.103605 0.004932 0.103184 0.993160 0.054654 -0.010561 -0.053850 0.998493
1731492927996524032.000000 -2407.128906 -27.503601 708.260071 0.994854 -0.101190 0.005149 0.100739 0.993305 0.056535 -0.010835 -0.055726 0.998387
1731492928029863936.000000 -2408.020996 -24.298643 708.651428 0.995175 -0.097907 0.006368 0.097379 0.993565 0.057850 -0.011991 -0.056951 0.998305
1731492928063204096.000000 -2408.946289 -19.562611 708.691650 0.995682 -0.092418 0.008765 0.091705 0.993865 0.061832 -0.014425 -0.060761 0.998048
1731492928096544768.000000 -2409.383789 -16.034044 708.484741 0.996074 -0.088047 0.009205 0.087286 0.994139 0.063779 -0.014766 -0.062725 0.997922
1731492928129884928.000000 -2409.664795 -12.198600 708.426636 0.996509 -0.082918 0.009739 0.082147 0.994632 0.062924 -0.014904 -0.061904 0.997971
1731492928163225600.000000 -2409.676025 -7.264855 708.284912 0.996996 -0.076906 0.009167 0.076208 0.995222 0.061035 -0.013817 -0.060153 0.998094
1731492928196565760.000000 -2409.720703 -3.154265 708.491455 0.997332 -0.072399 0.009354 0.071742 0.995750 0.057753 -0.013496 -0.056928 0.998287
1731492928229906432.000000 -2409.176514 0.663872 708.563416 0.997679 -0.067287 0.010464 0.066606 0.996230 0.055582 -0.014164 -0.054756 0.998399
1731492928263246848.000000 -2408.478516 6.342610 708.770142 0.998092 -0.060995 0.009606 0.060396 0.996735 0.053585 -0.012843 -0.052902 0.998517
1731492928296587264.000000 -2407.376709 10.807057 708.509888 0.998299 -0.057246 0.011021 0.056562 0.996902 0.054661 -0.014116 -0.053945 0.998444
1731492928329927424.000000 -2406.192627 15.639600 708.345276 0.998512 -0.053472 0.010746 0.052813 0.997127 0.054306 -0.013619 -0.053657 0.998467
1731492928363267840.000000 -2404.218018 22.363443 707.874207 0.998827 -0.047834 0.007464 0.047380 0.997508 0.052270 -0.009946 -0.051855 0.998605
1731492928396608000.000000 -2402.486084 27.974459 707.432739 0.999063 -0.042882 0.005766 0.042539 0.997829 0.050271 -0.007909 -0.049979 0.998719
1731492928429948672.000000 -2400.684082 33.636021 707.262634 0.999194 -0.040127 0.000450 0.040065 0.998150 0.045738 -0.002284 -0.045684 0.998953
1731492928463288832.000000 -2397.805908 41.416515 706.511353 0.999407 -0.034306 -0.003016 0.034399 0.998597 0.040248 0.001631 -0.040327 0.999185
1731492928496628224.000000 -nan -nan -nan -nan -nan -nan -nan -nan -nan -nan -nan -nan
1731492928529968384.000000 -2393.077637 54.080063 705.403870 0.999628 -0.027160 -0.002451 0.027228 0.999036 0.034440 0.001513 -0.034494 0.999404
1731492928563308800.000000 -2390.373047 63.289150 705.489441 0.999679 -0.025198 -0.002729 0.025256 0.999390 0.024113 0.002119 -0.024174 0.999706
1731492928596648960.000000 -2387.520752 70.054108 705.364746 0.999695 -0.024696 -0.000216 0.024695 0.999452 0.022058 -0.000328 -0.022057 0.999757
1731492928629989120.000000 -2385.062500 77.601570 705.691956 0.999738 -0.022891 -0.000468 0.022896 0.999568 0.018438 0.000046 -0.018444 0.999830
1731492928663329280.000000 -2381.508545 87.300095 705.784058 0.999698 -0.024134 -0.004715 0.024217 0.999535 0.018506 0.004266 -0.018615 0.999818
1731492928696669696.000000 -2378.993652 96.022118 706.763916 0.999828 -0.018386 -0.002572 0.018417 0.999754 0.012318 0.002345 -0.012363 0.999921
1731492928730009856.000000 -2374.861816 106.723717 706.976257 0.999858 -0.016538 -0.003253 0.016572 0.999805 0.010770 0.003074 -0.010823 0.999937
1731492928763349760.000000 -2372.125488 114.962959 707.358765 0.999885 -0.014685 -0.003790 0.014723 0.999840 0.010186 0.003639 -0.010241 0.999941
1731492928796689920.000000 -2369.584229 122.891434 707.431641 0.999873 -0.014764 -0.006068 0.014803 0.999869 0.006532 0.005970 -0.006621 0.999960
1731492928830030080.000000 -2366.027344 133.785263 706.814026 0.999917 -0.012581 -0.002630 0.012604 0.999880 0.009006 0.002516 -0.009039 0.999956
1731492928863370496.000000 -2362.380859 144.851791 705.854797 0.999949 -0.009679 0.002747 0.009658 0.999924 0.007695 -0.002821 -0.007668 0.999967
1731492928896710400.000000 -2358.910156 155.596039 704.608459 0.999949 -0.009315 0.003979 0.009291 0.999938 0.006123 -0.004036 -0.006085 0.999973
1731492928930051072.000000 -2357.305420 161.133957 703.700745 0.999934 -0.010251 0.005165 0.010216 0.999925 0.006769 -0.005234 -0.006716 0.999964
1731492928963393024.000000 -2354.732422 169.252502 702.036011 0.999923 -0.010734 0.006164 0.010676 0.999900 0.009293 -0.006263 -0.009226 0.999938
1731492928996734720.000000 -2352.616455 177.971451 701.012573 0.999933 -0.009124 0.007058 0.009071 0.999931 0.007414 -0.007125 -0.007349 0.999948
1731492929030076416.000000 -2350.868652 186.545959 700.188782 0.999951 -0.006877 0.007174 0.006827 0.999952 0.006957 -0.007221 -0.006908 0.999950
1731492929063417856.000000 -2348.352539 197.371704 698.874878 0.999956 -0.008841 0.003212 0.008820 0.999941 0.006418 -0.003268 -0.006389 0.999974
1731492929096759808.000000 -2346.707764 205.637360 698.097290 0.999964 -0.008075 0.002427 0.008060 0.999950 0.005992 -0.002475 -0.005972 0.999979
1731492929130101760.000000 -2345.016602 213.421188 697.356689 0.999968 -0.007948 0.001238 0.007939 0.999943 0.007206 -0.001296 -0.007196 0.999973
1731492929163443200.000000 -2343.045166 224.583740 696.723328 0.999960 -0.002907 0.008441 0.002831 0.999955 0.009037 -0.008467 -0.009013 0.999924
1731492929196785152.000000 -2341.473877 232.018829 696.226135 0.999964 -0.000589 0.008448 0.000513 0.999960 0.008967 -0.008453 -0.008962 0.999924
1731492929230127104.000000 -2340.075928 239.639816 695.983765 0.999936 0.002155 0.011107 -0.002303 0.999909 0.013263 -0.011077 -0.013288 0.999850
1731492929263468544.000000 -2339.153564 249.134354 696.226013 0.999967 0.002625 0.007703 -0.002718 0.999923 0.012105 -0.007670 -0.012126 0.999897
1731492929296810496.000000 -2338.330322 256.056641 696.283020 0.999956 0.002331 0.009128 -0.002496 0.999834 0.018076 -0.009084 -0.018098 0.999795
1731492929330151936.000000 -2337.654541 264.544373 696.603760 0.999979 0.001623 0.006277 -0.001752 0.999788 0.020540 -0.006242 -0.020551 0.999769
1731492929363492864.000000 -2337.239014 271.388580 697.035522 0.999939 0.003952 0.010277 -0.004190 0.999720 0.023305 -0.010182 -0.023346 0.999676
1731492929396834816.000000 -2336.913818 277.528717 697.534180 0.999957 0.003772 0.008431 -0.003984 0.999675 0.025178 -0.008333 -0.025210 0.999647
1731492929430176512.000000 -2336.358643 285.910522 698.315369 0.999954 0.004339 0.008535 -0.004580 0.999587 0.028383 -0.008408 -0.028421 0.999561
1731492929463518464.000000 -2336.440918 292.570312 699.354553 0.999964 0.005129 0.006747 -0.005303 0.999649 0.025971 -0.006612 -0.026006 0.999640
1731492929496859904.000000 -2336.475098 299.196747 700.226074 0.999985 0.003892 0.003773 -0.003982 0.999701 0.024108 -0.003678 -0.024122 0.999702
1731492929530201856.000000 -2336.232422 305.754120 700.916809 0.999985 0.004025 0.003587 -0.004113 0.999688 0.024643 -0.003486 -0.024658 0.999690
1731492929563543808.000000 -2335.836426 314.269958 701.735657 0.999996 0.002762 0.000242 -0.002767 0.999698 0.024437 -0.000175 -0.024438 0.999701
1731492929596885504.000000 -2335.459961 321.198212 702.055908 0.999990 0.002940 0.003343 -0.003034 0.999587 0.028588 -0.003258 -0.028598 0.999586
1731492929630227200.000000 -2334.889648 330.516357 702.545288 0.999983 0.004337 0.003868 -0.004459 0.999475 0.032104 -0.003727 -0.032120 0.999477
1731492929663569152.000000 -2334.771973 337.842499 702.985413 0.999970 0.005377 0.005615 -0.005561 0.999429 0.033321 -0.005432 -0.033351 0.999429
1731492929696910848.000000 -2334.743408 344.580780 703.269409 0.999991 0.004090 0.001280 -0.004129 0.999475 0.032130 -0.001148 -0.032135 0.999483
1731492929730252800.000000 -2334.302002 353.882172 703.369202 0.999989 0.004423 0.001468 -0.004474 0.999328 0.036393 -0.001306 -0.036399 0.999336
1731492929763594752.000000 -2333.512695 360.818756 703.156616 0.999955 0.007018 0.006338 -0.007278 0.999095 0.041905 -0.006038 -0.041949 0.999101
1731492929796936192.000000 -2333.148193 367.800446 703.350891 0.999942 0.008215 0.006897 -0.008492 0.999115 0.041197 -0.006552 -0.041253 0.999127
1731492929830277120.000000 -2332.901855 374.538879 703.498413 0.999942 0.008078 0.007148 -0.008386 0.998988 0.044191 -0.006783 -0.044248 0.998998
1731492929863618816.000000 -2332.739502 382.968750 703.645264 0.999962 0.006874 0.005386 -0.007107 0.998982 0.044554 -0.005074 -0.044591 0.998992
1731492929896960768.000000 -2332.490967 389.423126 703.870728 0.999972 0.006155 0.004210 -0.006334 0.999009 0.044057 -0.003934 -0.044082 0.999020
1731492929930302720.000000 -2331.746826 397.557800 703.702087 0.999949 0.007146 0.007179 -0.007489 0.998769 0.049040 -0.006820 -0.049091 0.998771
1731492929963644160.000000 -2331.345215 403.564972 703.872986 0.999929 0.007449 0.009274 -0.007908 0.998693 0.050497 -0.008886 -0.050567 0.998681
1731492929996986112.000000 -2330.959961 409.048920 704.131409 0.999920 0.008452 0.009403 -0.008922 0.998652 0.051130 -0.008959 -0.051210 0.998648
1731492930030327552.000000 -2330.397705 415.774994 704.386414 0.999919 0.008802 0.009182 -0.009292 0.998457 0.054738 -0.008686 -0.054819 0.998459
1731492930063669504.000000 -2330.206787 420.601013 704.933960 0.999904 0.009876 0.009757 -0.010425 0.998272 0.057828 -0.009169 -0.057924 0.998279
1731492930097011200.000000 -2330.001465 424.525421 705.058533 0.999898 0.009850 0.010378 -0.010482 0.997980 0.062652 -0.009740 -0.062755 0.997981
1731492930130352896.000000 -2329.803223 428.998840 705.524658 0.999873 0.010272 0.012204 -0.011074 0.997651 0.067596 -0.011481 -0.067723 0.997638
1731492930163694848.000000 -2329.803467 432.205627 706.030457 0.999895 0.009575 0.010916 -0.010299 0.997612 0.068297 -0.010236 -0.068402 0.997605
1731492930197036800.000000 -2329.837158 434.815216 706.271484 0.999874 0.009598 0.012623 -0.010482 0.997360 0.071862 -0.011900 -0.071985 0.997335
1731492930230378496.000000 -2329.979492 437.650726 706.387268 0.999878 0.008928 0.012808 -0.009862 0.997153 0.074755 -0.012104 -0.074872 0.997120
1731492930263719168.000000 -2330.186279 439.406708 706.761475 0.999886 0.008483 0.012453 -0.009405 0.997066 0.075969 -0.011773 -0.076078 0.997032
1731492930297060608.000000 -2330.386475 440.785675 707.191833 0.999891 0.008438 0.012133 -0.009362 0.996897 0.078153 -0.011436 -0.078258 0.996868
1731492930330402560.000000 -2330.750000 441.783569 707.705078 0.999903 0.008530 0.011051 -0.009400 0.996648 0.081269 -0.010321 -0.081365 0.996631
1731492930363744512.000000 -2331.052002 441.787231 708.046631 0.999902 0.008994 0.010766 -0.009863 0.996453 0.083573 -0.009976 -0.083671 0.996443
1731492930397086208.000000 -2331.540283 441.168915 708.430115 0.999913 0.009191 0.009445 -0.009954 0.996392 0.084280 -0.008636 -0.084366 0.996397
1731492930430427904.000000 -2332.220459 439.481232 708.664001 0.999909 0.009872 0.009211 -0.010606 0.996460 0.083396 -0.008355 -0.083486 0.996474
1731492930463769856.000000 -2332.779053 437.623871 708.787781 0.999894 0.010079 0.010475 -0.010908 0.996541 0.082382 -0.009608 -0.082487 0.996546
1731492930497111552.000000 -2333.347412 435.327881 708.602234 0.999838 0.011572 0.013754 -0.012659 0.996571 0.081767 -0.012761 -0.081928 0.996557
1731492930530453504.000000 -2334.057617 430.792969 708.163879 0.999877 0.010191 0.011905 -0.011081 0.996952 0.077228 -0.011082 -0.077350 0.996942
1731492930563795200.000000 -2334.639648 427.432617 708.077942 0.999841 0.011359 0.013715 -0.012331 0.997256 0.072996 -0.012848 -0.073154 0.997238
1731492930597136896.000000 -2335.105225 423.151093 707.780334 0.999861 0.010361 0.013042 -0.011253 0.997459 0.070346 -0.012280 -0.070483 0.997437
1731492930630478848.000000 -2335.826660 416.861694 707.440247 0.999872 0.009404 0.012969 -0.010266 0.997627 0.068082 -0.012298 -0.068206 0.997595
1731492930663820544.000000 -2336.567871 412.036163 707.456482 0.999860 0.010102 0.013321 -0.010944 0.997840 0.064777 -0.012638 -0.064914 0.997811
1731492930697161472.000000 -2337.161133 406.619934 707.368164 0.999884 0.008984 0.012331 -0.009724 0.998069 0.061341 -0.011757 -0.061454 0.998041
1731492930730503424.000000 -2338.238770 398.963684 707.253479 0.999892 0.008359 0.012049 -0.009043 0.998285 0.057833 -0.011545 -0.057935 0.998254
1731492930763844864.000000 -2339.134033 392.845703 707.166687 0.999892 0.008015 0.012344 -0.008680 0.998460 0.054794 -0.011886 -0.054895 0.998421
1731492930797186816.000000 -2340.009277 386.629364 707.069580 0.999917 0.006825 0.010895 -0.007372 0.998673 0.050978 -0.010533 -0.051054 0.998640
1731492930830528512.000000 -2341.230713 377.810242 706.510010 0.999921 0.006232 0.010905 -0.006747 0.998829 0.047898 -0.010593 -0.047968 0.998793
1731492930863870464.000000 -2342.271973 371.186005 706.540222 0.999919 0.007326 0.010443 -0.007781 0.998991 0.044224 -0.010109 -0.044302 0.998967
1731492930897212160.000000 -2343.390137 363.990295 706.344849 0.999924 0.006805 0.010325 -0.007215 0.999165 0.040209 -0.010043 -0.040280 0.999138
1731492930930553344.000000 -nan -nan -nan -nan -nan -nan -nan -nan -nan -nan -nan -nan
1731492930963894528.000000 -2345.523438 346.786926 705.853149 0.999881 0.006136 0.014137 -0.006630 0.999358 0.035214 -0.013912 -0.035303 0.999280
1731492930997235712.000000 -2346.596924 339.358704 706.045410 0.999912 0.004411 0.012550 -0.004799 0.999506 0.031059 -0.012407 -0.031116 0.999439
1731492931030576896.000000 -2348.005127 329.531158 706.170593 0.999911 0.002665 0.013074 -0.003028 0.999609 0.027802 -0.012995 -0.027839 0.999528
1731492931063918336.000000 -2349.141602 321.624939 706.455811 0.999941 0.000767 0.010879 -0.001028 0.999710 0.024048 -0.010857 -0.024057 0.999652
1731492931097259264.000000 -2350.214355 313.861786 706.737000 0.999948 -0.000943 0.010195 0.000711 0.999741 0.022729 -0.010214 -0.022721 0.999690
1731492931130600704.000000 -2351.348389 306.136078 707.165833 0.999947 -0.003082 0.009869 0.002858 0.999741 0.022594 -0.009936 -0.022565 0.999696
1731492931163940608.000000 -2352.916016 295.607086 707.909363 0.999938 -0.005860 0.009415 0.005677 0.999797 0.019329 -0.009527 -0.019274 0.999769
1731492931197281792.000000 -2353.953125 287.424347 708.231995 0.999921 -0.007473 0.010075 0.007255 0.999744 0.021442 -0.010233 -0.021368 0.999719
1731492931230622976.000000 -2354.857910 276.409973 708.505554 0.999872 -0.008304 0.013647 0.007927 0.999591 0.027463 -0.013869 -0.027352 0.999530
1731492931263964160.000000 -2356.068848 268.378082 708.943665 0.999848 -0.010562 0.013847 0.010198 0.999608 0.026071 -0.014117 -0.025926 0.999564
1731492931297305088.000000 -2357.206299 259.683350 709.106506 0.999848 -0.013506 0.011071 0.013238 0.999625 0.023954 -0.011390 -0.023804 0.999652
1731492931330646528.000000 -2357.976318 248.184082 708.679993 0.999775 -0.017165 0.012449 0.016810 0.999465 0.028060 -0.012924 -0.027845 0.999529
1731492931363987712.000000 -2358.530029 239.766937 708.562317 0.999749 -0.017418 0.014122 0.017015 0.999458 0.028190 -0.014606 -0.027942 0.999503
1731492931397328640.000000 -2359.612305 231.757675 709.087952 0.999741 -0.016052 0.016110 0.015611 0.999511 0.027100 -0.016537 -0.026841 0.999503
1731492931430670080.000000 -2360.794434 220.190338 709.431580 0.999755 -0.017490 0.013574 0.017143 0.999533 0.025297 -0.014010 -0.025058 0.999588
1731492931464011008.000000 -2361.602539 211.863937 709.549133 0.999701 -0.017142 0.017413 0.016630 0.999436 0.029167 -0.017903 -0.028869 0.999423
1731492931497352192.000000 -2362.809814 203.578995 709.941406 0.999687 -0.015686 0.019467 0.015141 0.999498 0.027847 -0.019894 -0.027543 0.999423
1731492931530693120.000000 -2364.445801 192.082092 710.221436 0.999676 -0.020023 0.015687 0.019566 0.999395 0.028767 -0.016254 -0.028451 0.999463
1731492931564034304.000000 -2366.147949 182.009613 710.516174 0.999617 -0.018319 0.020739 0.017703 0.999408 0.029491 -0.021267 -0.029113 0.999350
1731492931597374208.000000 -2366.849609 176.558319 710.540527 0.999633 -0.019872 0.018392 0.019318 0.999369 0.029815 -0.018973 -0.029448 0.999386
1731492931630715648.000000 -2369.046143 166.590546 710.974487 0.999661 -0.020087 0.016594 0.019607 0.999400 0.028544 -0.017157 -0.028209 0.999455
1731492931664056832.000000 -2370.158447 158.556366 710.789185 0.999636 -0.024048 0.012237 0.023669 0.999264 0.030202 -0.012954 -0.029901 0.999469
1731492931697397760.000000 -2371.718750 151.733749 710.963196 0.999648 -0.022733 0.013709 0.022326 0.999325 0.029171 -0.014363 -0.028854 0.999480
1731492931730738944.000000 -2373.572510 142.233963 710.433289 0.999606 -0.025318 0.012095 0.024920 0.999176 0.032023 -0.012896 -0.031709 0.999414
1731492931764079872.000000 -2375.487305 135.940353 710.751404 0.999635 -0.024727 0.010874 0.024414 0.999309 0.028038 -0.011559 -0.027763 0.999548
1731492931797421056.000000 -2376.678955 128.927933 710.199341 0.999612 -0.025843 0.010401 0.025496 0.999154 0.032257 -0.011225 -0.031979 0.999425
1731492931830761984.000000 -nan -nan -nan -nan -nan -nan -nan -nan -nan -nan -nan -nan
1731492931864103168.000000 -2380.792236 114.373131 710.033752 0.999608 -0.024516 0.013516 0.024012 0.999052 0.036310 -0.014393 -0.035972 0.999249
1731492931897444096.000000 -2382.435059 107.957565 709.891602 0.999588 -0.026148 0.011859 0.025663 0.998895 0.039386 -0.012876 -0.039065 0.999154
1731492931930785536.000000 -2383.786377 101.306458 709.354126 0.999575 -0.026375 0.012397 0.025797 0.998669 0.044669 -0.013559 -0.044331 0.998925
1731492931964126464.000000 -nan -nan -nan -nan -nan -nan -nan -nan -nan -nan -nan -nan
1731492931997467648.000000 -2388.248291 87.507301 709.328735 0.999627 -0.022742 0.015109 0.022000 0.998626 0.047554 -0.016170 -0.047204 0.998754
1731492932030808064.000000 -2390.824707 79.316498 708.890076 0.999576 -0.026160 0.012794 0.025512 0.998503 0.048382 -0.014040 -0.048035 0.998747
1731492932064149248.000000 -2392.765381 73.724800 708.743896 0.999573 -0.024593 0.015811 0.023802 0.998544 0.048416 -0.016978 -0.048018 0.998702
1731492932097490432.000000 -2394.830078 68.162819 708.207336 0.999560 -0.025764 0.014702 0.025001 0.998442 0.049879 -0.015965 -0.049490 0.998647
1731492932130831360.000000 -2397.422363 61.773560 707.380554 0.999554 -0.025902 0.014869 0.025122 0.998411 0.050443 -0.016152 -0.050047 0.998616
1731492932164172544.000000 -2399.278809 57.445000 706.605347 0.999540 -0.026288 0.015140 0.025538 0.998532 0.047761 -0.016373 -0.047352 0.998744
1731492932197513984.000000 -2400.738525 53.674831 705.059021 0.999485 -0.028101 0.015474 0.027362 0.998564 0.046057 -0.016747 -0.045610 0.998819
1731492932230854912.000000 -2402.242676 49.267658 702.046448 0.999369 -0.032360 0.014672 0.031615 0.998324 0.048468 -0.016216 -0.047974 0.998717
1731492932264196352.000000 -2403.358398 46.333786 699.797607 0.999354 -0.033753 0.012373 0.033125 0.998307 0.047803 -0.013966 -0.047362 0.998780
1731492932297537280.000000 -2404.305664 43.983467 697.523804 0.999364 -0.034768 0.007946 0.034384 0.998430 0.044221 -0.009471 -0.043920 0.998990
1731492932330878464.000000 -2404.824951 40.989410 693.791504 0.999310 -0.036847 0.004724 0.036616 0.998441 0.042126 -0.006269 -0.041924 0.999101
1731492932364219648.000000 -2405.165527 39.157959 690.665039 0.999312 -0.036989 0.002718 0.036860 0.998609 0.037692 -0.004108 -0.037566 0.999286
1731492932397560832.000000 -2405.349121 37.800690 687.340820 0.999300 -0.037411 0.000860 0.037363 0.998762 0.032828 -0.002087 -0.032773 0.999461
1731492932430902016.000000 -2404.892334 36.750534 682.284302 0.999334 -0.036467 0.001531 0.036412 0.998960 0.027436 -0.002530 -0.027362 0.999622
1731492932464243200.000000 -2404.100830 36.433163 677.704895 0.999400 -0.034426 0.003778 0.034316 0.999069 0.026135 -0.004674 -0.025990 0.999651
1731492932497583360.000000 -2403.301758 36.796619 672.173828 0.999440 -0.033213 0.004103 0.033086 0.999063 0.027894 -0.005026 -0.027743 0.999602
1731492932530924288.000000 -2401.572266 38.042526 663.038635 0.999496 -0.030920 0.007157 0.030682 0.999038 0.031328 -0.008119 -0.031092 0.999484
1731492932564265472.000000 -2400.793213 39.595875 655.597839 0.999536 -0.029805 0.006209 0.029621 0.999173 0.027859 -0.007034 -0.027662 0.999593
1731492932597606400.000000 -2399.505127 41.601761 647.245178 0.999563 -0.028423 0.008150 0.028203 0.999265 0.025949 -0.008882 -0.025708 0.999630
1731492932630947840.000000 -2397.461426 44.604134 634.592041 0.999566 -0.026713 0.012448 0.026388 0.999325 0.025544 -0.013122 -0.025204 0.999596
1731492932664288768.000000 -2396.592285 46.934113 624.961548 0.999599 -0.026420 0.010212 0.026219 0.999469 0.019353 -0.010718 -0.019078 0.999761
1731492932697629952.000000 -2395.403320 49.287994 614.503357 0.999587 -0.026088 0.012015 0.025876 0.999512 0.017473 -0.012465 -0.017155 0.999775
1731492932730971136.000000 -2393.929688 52.856087 600.062622 0.999561 -0.026492 0.013259 0.026339 0.999586 0.011585 -0.013561 -0.011231 0.999845
1731492932764312064.000000 -2392.584229 55.373257 588.606140 0.999561 -0.025139 0.015683 0.024947 0.999613 0.012313 -0.015987 -0.011916 0.999801
1731492932797653248.000000 -2391.193604 57.567219 576.543091 0.999571 -0.025085 0.015107 0.024886 0.999603 0.013206 -0.015432 -0.012825 0.999799
1731492932830994432.000000 -2389.525635 60.742981 560.092651 0.999539 -0.023941 0.018691 0.023613 0.999567 0.017581 -0.019104 -0.017132 0.999671
1731492932864335616.000000 -2388.657471 63.173340 547.667908 0.999569 -0.022778 0.018534 0.022403 0.999544 0.020230 -0.018987 -0.019806 0.999624
1731492932897676544.000000 -2387.821533 65.218315 534.921082 0.999587 -0.023040 0.017172 0.022682 0.999527 0.020756 -0.017642 -0.020358 0.999637
1731492932931016704.000000 -2387.246094 68.261612 518.010986 0.999605 -0.022809 0.016398 0.022513 0.999584 0.018024 -0.016802 -0.017648 0.999703
1731492932964357632.000000 -2386.909912 70.151337 504.831543 0.999632 -0.022993 0.014368 0.022748 0.999598 0.016933 -0.014752 -0.016599 0.999753
1731492932997698816.000000 -2386.704834 71.897423 491.399231 0.999667 -0.023170 0.011405 0.022994 0.999618 0.015363 -0.011757 -0.015096 0.999817
1731492933031039744.000000 -2386.447998 73.777908 473.256165 0.999675 -0.024705 0.006307 0.024650 0.999659 0.008584 -0.006517 -0.008426 0.999943
1731492933064380928.000000 -2386.060303 75.309799 459.538818 0.999696 -0.024209 0.004599 0.024177 0.999684 0.006943 -0.004766 -0.006829 0.999965
1731492933097721856.000000 -2385.443848 76.467239 445.793396 0.999736 -0.022993 -0.000136 0.022993 0.999735 0.001414 0.000104 -0.001417 0.999999
1731492933131062784.000000 -2384.621826 77.975151 427.384949 0.999748 -0.022231 -0.003009 0.022224 0.999750 -0.002434 0.003062 0.002366 0.999992
1731492933164403968.000000 -2383.750977 78.993118 413.318573 0.999778 -0.021071 -0.000461 0.021070 0.999775 -0.002390 0.000511 0.002379 0.999997
1731492933197744896.000000 -2382.517090 79.708801 400.108124 0.999789 -0.019773 -0.005647 0.019722 0.999766 -0.008872 0.005822 0.008759 0.999945
1731492933231086080.000000 -2380.757812 80.537575 382.468353 0.999826 -0.017948 -0.005168 0.017871 0.999734 -0.014599 0.005428 0.014504 0.999880
1731492933264427008.000000 -2379.302490 80.816490 369.698944 0.999836 -0.015967 -0.008506 0.015793 0.999674 -0.020084 0.008824 0.019946 0.999762
1731492933297768192.000000 -2377.894043 81.106346 357.279755 0.999881 -0.012821 -0.008557 0.012621 0.999653 -0.023134 0.008850 0.023023 0.999696
1731492933331108864.000000 -2375.757080 81.090935 341.273193 0.999874 -0.009967 -0.012378 0.009664 0.999658 -0.024305 0.012616 0.024182 0.999628
1731492933364449024.000000 -2374.029053 81.059532 329.608734 0.999904 -0.007206 -0.011879 0.006918 0.999685 -0.024113 0.012049 0.024028 0.999639
1731492933397790208.000000 -2372.443115 80.512199 318.253540 0.999879 -0.006740 -0.014054 0.006419 0.999720 -0.022784 0.014203 0.022691 0.999642
1731492933431131136.000000 -2370.651855 80.186119 304.065613 0.999898 -0.003760 -0.013747 0.003427 0.999704 -0.024106 0.013834 0.024056 0.999615
1731492933464472064.000000 -2369.529053 80.635635 293.944702 0.999951 -0.000357 -0.009941 0.000097 0.999659 -0.026123 0.009947 0.026120 0.999609
1731492933497812992.000000 -2368.710449 80.746719 284.221771 0.999962 0.002036 -0.008497 -0.002289 0.999552 -0.029853 0.008432 0.029871 0.999518
1731492933531154176.000000 -2367.386475 80.934990 271.662323 0.999965 0.000419 -0.008390 -0.000690 0.999476 -0.032354 0.008372 0.032359 0.999441
1731492933564494848.000000 -2366.876465 81.054291 262.949554 0.999961 0.002371 -0.008536 -0.002697 0.999260 -0.038381 0.008439 0.038403 0.999227
1731492933597836032.000000 -2366.502930 81.905251 254.390762 0.999983 -0.000002 -0.005750 -0.000221 0.999249 -0.038760 0.005746 0.038761 0.999232
1731492933631176960.000000 -2365.687256 82.214989 243.445251 0.999983 -0.001320 -0.005691 0.001109 0.999322 -0.036809 0.005736 0.036802 0.999306
1731492933664517888.000000 -2365.246094 82.383606 235.545853 0.999985 -0.002838 -0.004739 0.002679 0.999444 -0.033230 0.004831 0.033217 0.999436
1731492933697858816.000000 -2364.866455 82.725967 228.212601 0.999971 -0.003863 -0.006561 0.003655 0.999502 -0.031329 0.006679 0.031304 0.999488
1731492933731199744.000000 -2364.386963 82.873283 218.842606 0.999940 -0.005352 -0.009576 0.005099 0.999642 -0.026251 0.009713 0.026200 0.999610
1731492933764540928.000000 -2363.975342 82.808121 212.414032 0.999919 -0.005186 -0.011610 0.004924 0.999736 -0.022437 0.011723 0.022378 0.999681
1731492933797881600.000000 -2363.553467 82.744797 205.942719 0.999935 -0.004853 -0.010341 0.004679 0.999848 -0.016824 0.010422 0.016774 0.999805
1731492933831221760.000000 -2363.297607 82.569069 198.848755 0.999929 0.000078 -0.011928 -0.000294 0.999836 -0.018088 0.011924 0.018090 0.999765
1731492933864562432.000000 -2363.067383 82.442322 193.540405 0.999956 0.001689 -0.009259 -0.001851 0.999845 -0.017497 0.009228 0.017513 0.999804
1731492933897903616.000000 -2363.032227 82.555588 188.314331 0.999988 0.002747 -0.004088 -0.002804 0.999898 -0.013973 0.004049 0.013984 0.999894
1731492933931244800.000000 -2362.785156 82.190155 182.464630 0.999973 0.006081 -0.004168 -0.006162 0.999785 -0.019774 0.004047 0.019799 0.999796
1731492933964585984.000000 -2362.845459 82.087013 178.277954 0.999969 0.007203 -0.003168 -0.007273 0.999717 -0.022645 0.003004 0.022667 0.999739
1731492933997927168.000000 -2362.760010 81.897667 174.088684 0.999975 0.006866 -0.001449 -0.006899 0.999691 -0.023860 0.001285 0.023869 0.999714
1731492934031268608.000000 -2362.860107 81.701370 169.092255 0.999980 0.006331 -0.000610 -0.006344 0.999668 -0.024973 0.000452 0.024976 0.999688
1731492934064610048.000000 -2362.822021 82.051857 165.810852 0.999988 0.004807 0.000475 -0.004795 0.999746 -0.022006 -0.000581 0.022004 0.999758
1731492934097951232.000000 -2362.644775 81.737015 162.394470 0.999991 0.003963 0.001471 -0.003932 0.999788 -0.020197 -0.001550 0.020191 0.999795
1731492934131292416.000000 -2362.179932 81.968620 158.318604 0.999996 0.000787 0.002859 -0.000744 0.999889 -0.014853 -0.002870 0.014851 0.999886
1731492934164633600.000000 -2361.932861 81.802238 155.932434 0.999999 -0.000706 -0.000822 0.000692 0.999861 -0.016651 0.000834 0.016651 0.999861
1731492934197975040.000000 -2361.431885 81.999001 153.265198 0.999995 -0.002554 0.001717 0.002576 0.999910 -0.013137 -0.001683 0.013141 0.999912
1731492934231315968.000000 -2360.847656 81.666985 150.327850 0.999996 -0.002214 0.001472 0.002235 0.999890 -0.014637 -0.001440 0.014640 0.999892
1731492934264656384.000000 -2360.370117 80.946709 148.156448 0.999997 -0.002266 -0.000760 0.002252 0.999850 -0.017187 0.000799 0.017185 0.999852
1731492934297997824.000000 -2359.911865 80.793282 146.212189 0.999997 -0.000208 0.002371 0.000250 0.999840 -0.017878 -0.002367 0.017878 0.999837
1731492934331339008.000000 -2359.537354 80.169701 144.399521 0.999984 0.003746 0.004319 -0.003669 0.999837 -0.017690 -0.004385 0.017674 0.999834
1731492934364680192.000000 -2359.592041 79.558418 143.376831 0.999939 0.008616 0.006879 -0.008525 0.999878 -0.013067 -0.006991 0.013008 0.999891
1731492934398021120.000000 -2359.415283 78.622597 142.234085 0.999933 0.009128 0.007049 -0.009079 0.999935 -0.006962 -0.007112 0.006897 0.999951
1731492934431362560.000000 -2359.137695 77.968193 141.898438 0.999950 0.008475 0.005231 -0.008456 0.999958 -0.003567 -0.005261 0.003523 0.999980
1731492934464703744.000000 -2359.013184 77.730156 141.847733 0.999952 0.008753 0.004451 -0.008743 0.999959 -0.002167 -0.004469 0.002128 0.999988
1731492934498045184.000000 -2359.104492 77.790154 141.738205 0.999953 0.008633 0.004427 -0.008619 0.999958 -0.003049 -0.004453 0.003011 0.999986
1731492934531386368.000000 -2359.266357 78.109825 141.637833 0.999951 0.008263 0.005397 -0.008240 0.999956 -0.004399 -0.005433 0.004355 0.999976
1731492934564727552.000000 -2359.210693 78.060265 141.593216 0.999953 0.008316 0.005063 -0.008295 0.999957 -0.004112 -0.005097 0.004069 0.999979
1731492934598068992.000000 -2359.181152 78.005203 141.543716 0.999952 0.008482 0.004825 -0.008461 0.999955 -0.004318 -0.004861 0.004277 0.999979
1731492934631409920.000000 -2359.188477 77.922691 141.463608 0.999956 0.008310 0.004457 -0.008291 0.999957 -0.004203 -0.004491 0.004166 0.999981
1731492934664751360.000000 -2359.191650 77.893661 141.451096 0.999957 0.008110 0.004521 -0.008090 0.999957 -0.004471 -0.004557 0.004434 0.999980
1731492934698091520.000000 -2359.197510 77.966049 141.491745 0.999954 0.008285 0.004926 -0.008265 0.999957 -0.004203 -0.004960 0.004162 0.999979
1731492934731432704.000000 -2359.154785 78.240242 141.701202 0.999975 0.006459 0.003010 -0.006456 0.999979 -0.001084 -0.003016 0.001064 0.999995
1731492934764773888.000000 -2359.148438 78.239578 141.688614 0.999979 0.006061 0.002487 -0.006060 0.999982 -0.000369 -0.002489 0.000354 0.999997
1731492934798115328.000000 -2359.173340 78.277306 141.713898 0.999978 0.006153 0.002484 -0.006152 0.999981 -0.000295 -0.002485 0.000280 0.999997
1731492934831456512.000000 -2359.160156 78.294304 141.769043 0.999975 0.006572 0.002605 -0.006571 0.999978 -0.000601 -0.002609 0.000584 0.999996
1731492934864797696.000000 -2359.265381 78.187996 141.742889 0.999979 0.005897 0.002763 -0.005896 0.999983 -0.000428 -0.002765 0.000412 0.999996
1731492934898138880.000000 -2359.357666 78.381325 141.826080 0.999974 0.006435 0.003360 -0.006432 0.999979 -0.000953 -0.003366 0.000931 0.999994
1731492934931479808.000000 -2359.112793 78.892174 141.293121 0.999949 0.004437 0.009074 -0.004484 0.999977 0.005100 -0.009051 -0.005141 0.999946
1731492934964820992.000000 -2359.114990 78.935143 141.212219 0.999964 0.002427 0.008151 -0.002463 0.999987 0.004422 -0.008141 -0.004442 0.999957
1731492934998162432.000000 -2358.958252 77.229408 140.082733 0.999655 0.012832 0.022929 -0.013228 0.999764 0.017208 -0.022703 -0.017506 0.999589
1731492935031503360.000000 -2358.837158 77.071434 139.968948 0.999644 0.012695 0.023466 -0.013086 0.999777 0.016561 -0.023251 -0.016862 0.999587
1731492935064844544.000000 -2358.790527 76.790894 139.801682 0.999669 0.012152 0.022667 -0.012534 0.999780 0.016802 -0.022458 -0.017081 0.999602
1731492935098185472.000000 -2358.868896 77.730949 140.374527 0.999890 0.006655 0.013232 -0.006743 0.999956 0.006554 -0.013187 -0.006643 0.999891
1731492935131526912.000000 -2358.858398 78.073311 140.663879 0.999913 0.006197 0.011632 -0.006266 0.999963 0.005860 -0.011595 -0.005932 0.999915
1731492935164866816.000000 -2358.993164 78.185104 140.656555 0.999869 0.007520 0.014365 -0.007637 0.999938 0.008106 -0.014303 -0.008215 0.999864
1731492935198208000.000000 -2358.838135 78.051811 140.648697 0.999914 0.006154 0.011547 -0.006223 0.999963 0.005978 -0.011510 -0.006049 0.999915
1731492935231548928.000000 -2358.954102 78.493340 141.009293 0.999959 0.003767 0.008174 -0.003808 0.999980 0.004994 -0.008155 -0.005025 0.999954
1731492935264890368.000000 -2358.956055 78.386345 140.960602 0.999961 0.003337 0.008203 -0.003381 0.999980 0.005256 -0.008185 -0.005284 0.999953
1731492935298231296.000000 -2358.973145 78.619186 141.063828 0.999967 0.002467 0.007712 -0.002506 0.999984 0.005060 -0.007699 -0.005079 0.999957
1731492935331572480.000000 -2359.024170 78.889099 141.249435 0.999963 0.002669 0.008176 -0.002705 0.999987 0.004380 -0.008164 -0.004402 0.999957
1731492935364913664.000000 -2359.047607 79.008118 141.272446 0.999962 0.002814 0.008253 -0.002847 0.999988 0.003943 -0.008242 -0.003966 0.999958
1731492935398254592.000000 -2359.044189 78.945488 141.226761 0.999958 0.003511 0.008485 -0.003540 0.999988 0.003445 -0.008472 -0.003475 0.999958
1731492935431595776.000000 -2359.013916 78.856239 141.224991 0.999947 0.004929 0.009078 -0.004967 0.999979 0.004233 -0.009057 -0.004278 0.999950
1731492935464936704.000000 -2359.003418 78.818398 141.177917 0.999950 0.004636 0.008827 -0.004673 0.999980 0.004192 -0.008807 -0.004233 0.999952
1731492935498277888.000000 -2359.197998 79.171173 141.327713 0.999953 0.004075 0.008808 -0.004114 0.999982 0.004369 -0.008790 -0.004405 0.999952
1731492935531619072.000000 -2359.212158 79.241470 141.404800 0.999945 0.004646 0.009368 -0.004681 0.999982 0.003691 -0.009351 -0.003735 0.999949
1731492935564960256.000000 -2359.202393 79.162971 141.315735 0.999954 0.004223 0.008609 -0.004260 0.999982 0.004223 -0.008591 -0.004260 0.999954
1731492935598300160.000000 -2359.205078 79.166481 141.355087 0.999951 0.004286 0.008926 -0.004324 0.999982 0.004258 -0.008908 -0.004296 0.999951
1731492935631641344.000000 -2359.347412 78.834358 141.095337 0.999923 0.006488 0.010597 -0.006514 0.999976 0.002455 -0.010581 -0.002524 0.999941
1731492935664982528.000000 -2359.055908 78.062386 140.624695 0.999857 0.009125 0.014266 -0.009120 0.999958 -0.000399 -0.014269 0.000269 0.999898
1731492935698323456.000000 -2359.022461 77.890366 140.482391 0.999833 0.010314 0.015088 -0.010319 0.999947 0.000248 -0.015084 -0.000404 0.999886
1731492935731664640.000000 -2359.004395 77.907585 140.504227 0.999835 0.010086 0.015099 -0.010091 0.999949 0.000291 -0.015095 -0.000443 0.999886
1731492935765005568.000000 -2359.177002 78.842476 141.194275 0.999929 0.005734 0.010415 -0.005768 0.999978 0.003176 -0.010397 -0.003236 0.999941
1731492935798346752.000000 -2359.258789 79.292625 141.404617 0.999958 0.003213 0.008558 -0.003246 0.999988 0.003796 -0.008546 -0.003824 0.999956
1731492935831687424.000000 -2359.180176 79.077751 141.376816 0.999955 0.003648 0.008774 -0.003693 0.999980 0.005087 -0.008755 -0.005119 0.999949
1731492935865028608.000000 -2359.155273 78.913940 141.360748 0.999947 0.004416 0.009257 -0.004462 0.999978 0.004986 -0.009235 -0.005027 0.999945
1731492935898369536.000000 -2359.150879 78.926369 141.363449 0.999949 0.004484 0.009092 -0.004528 0.999978 0.004835 -0.009070 -0.004876 0.999947
1731492935931710976.000000 -2359.158447 78.929230 141.326233 0.999948 0.004421 0.009174 -0.004466 0.999978 0.004878 -0.009152 -0.004919 0.999946
1731492935965052160.000000 -2359.164307 78.924294 141.341995 0.999949 0.004437 0.009109 -0.004483 0.999978 0.004959 -0.009087 -0.004999 0.999946
1731492935998393344.000000 -2359.171875 78.926529 141.349014 0.999948 0.004573 0.009160 -0.004618 0.999977 0.004914 -0.009137 -0.004956 0.999946
1731492936031733504.000000 -2359.110352 79.003273 141.441086 0.999938 0.005141 0.009894 -0.005187 0.999976 0.004679 -0.009870 -0.004730 0.999940
1731492936065074688.000000 -2359.112061 79.009697 141.431747 0.999938 0.005080 0.009947 -0.005126 0.999976 0.004639 -0.009923 -0.004689 0.999940
1731492936098415872.000000 -2359.136475 78.979469 141.366318 0.999933 0.005322 0.010279 -0.005365 0.999977 0.004241 -0.010256 -0.004296 0.999938
1731492936131757056.000000 -2359.117188 79.033028 141.451553 0.999941 0.004747 0.009818 -0.004791 0.999978 0.004482 -0.009796 -0.004529 0.999942
1731492936165098240.000000 -2359.109131 79.023003 141.412277 0.999938 0.004976 0.009980 -0.005021 0.999977 0.004516 -0.009958 -0.004566 0.999940
1731492936198439424.000000 -2359.119629 79.002144 141.423874 0.999940 0.004929 0.009817 -0.004973 0.999977 0.004505 -0.009794 -0.004554 0.999942
1731492936231780608.000000 -2359.124268 79.048790 141.399826 0.999940 0.004798 0.009810 -0.004841 0.999979 0.004333 -0.009789 -0.004380 0.999942
1731492936265121792.000000 -2359.156738 79.208755 141.562866 0.999933 0.005033 0.010403 -0.005097 0.999968 0.006137 -0.010372 -0.006190 0.999927
1731492936298462976.000000 -2359.058350 79.095741 141.489349 0.999935 0.004639 0.010439 -0.004696 0.999974 0.005504 -0.010413 -0.005552 0.999930
1731492936331804160.000000 -2359.060303 79.138870 141.543518 0.999933 0.004689 0.010582 -0.004746 0.999974 0.005439 -0.010556 -0.005489 0.999929
1731492936365145088.000000 -2359.055664 79.083138 141.509842 0.999937 0.004481 0.010287 -0.004539 0.999974 0.005580 -0.010262 -0.005626 0.999932
1731492936398486272.000000 -2359.067871 79.080994 141.507477 0.999937 0.004499 0.010257 -0.004557 0.999974 0.005663 -0.010231 -0.005709 0.999931
1731492936431827456.000000 -2359.077393 79.103546 141.529160 0.999936 0.004572 0.010310 -0.004630 0.999974 0.005585 -0.010284 -0.005632 0.999931
1731492936465168384.000000 -2359.072266 79.092796 141.495148 0.999936 0.004516 0.010408 -0.004575 0.999974 0.005629 -0.010382 -0.005676 0.999930
1731492936498508800.000000 -2359.065186 79.091934 141.521637 0.999938 0.004537 0.010191 -0.004596 0.999973 0.005707 -0.010165 -0.005754 0.999932
1731492936531849984.000000 -2359.076416 79.093094 141.506424 0.999937 0.004571 0.010268 -0.004629 0.999973 0.005646 -0.010242 -0.005693 0.999931
1731492936565190912.000000 -2359.076660 79.127182 141.536224 0.999933 0.004793 0.010521 -0.004850 0.999974 0.005348 -0.010495 -0.005399 0.999930
1731492936598531840.000000 -2359.070801 79.110352 141.492691 0.999937 0.004525 0.010299 -0.004581 0.999975 0.005421 -0.010274 -0.005468 0.999932
1731492936631873024.000000 -2359.076172 79.101204 141.516052 0.999937 0.004576 0.010267 -0.004632 0.999974 0.005458 -0.010242 -0.005505 0.999932
1731492936665214208.000000 -2359.094727 79.091927 141.513672 0.999937 0.004547 0.010245 -0.004602 0.999975 0.005374 -0.010220 -0.005421 0.999933
1731492936698555392.000000 -2359.057861 79.101944 141.500839 0.999937 0.004426 0.010293 -0.004482 0.999975 0.005399 -0.010269 -0.005445 0.999932
1731492936731896576.000000 -2359.088623 79.067154 141.530579 0.999937 0.004630 0.010251 -0.004687 0.999973 0.005619 -0.010225 -0.005666 0.999932
1731492936765237504.000000 -2359.053955 79.102806 141.515671 0.999938 0.004551 0.010156 -0.004608 0.999974 0.005587 -0.010130 -0.005633 0.999933
1731492936798578688.000000 -2359.077148 79.127289 141.559296 0.999935 0.004758 0.010401 -0.004814 0.999974 0.005339 -0.010376 -0.005389 0.999932
1731492936831919616.000000 -2359.075439 79.105629 141.478363 0.999938 0.004621 0.010178 -0.004676 0.999974 0.005468 -0.010153 -0.005515 0.999933
1731492936865261056.000000 -2359.070312 79.096069 141.525223 0.999937 0.004505 0.010265 -0.004562 0.999975 0.005483 -0.010240 -0.005530 0.999932
1731492936898601984.000000 -2359.083984 79.117279 141.513138 0.999937 0.004640 0.010269 -0.004696 0.999974 0.005499 -0.010243 -0.005547 0.999932
1731492936931942400.000000 -2359.071533 79.092453 141.514343 0.999938 0.004603 0.010187 -0.004659 0.999974 0.005498 -0.010161 -0.005545 0.999933
1731492936965283840.000000 -2359.052734 79.089249 141.505432 0.999937 0.004643 0.010172 -0.004698 0.999975 0.005339 -0.010147 -0.005387 0.999934
1731492936998625536.000000 -2359.057129 79.108231 141.474792 0.999938 0.004559 0.010165 -0.004614 0.999975 0.005389 -0.010140 -0.005435 0.999934
1731492937031966976.000000 -2359.066162 79.095589 141.499619 0.999938 0.004421 0.010204 -0.004476 0.999976 0.005309 -0.010180 -0.005355 0.999934
1731492937065308416.000000 -2359.080078 79.130844 141.513504 0.999937 0.004490 0.010287 -0.004544 0.999976 0.005227 -0.010263 -0.005273 0.999933
1731492937098649856.000000 -2359.080322 79.113701 141.550812 0.999933 0.004786 0.010538 -0.004841 0.999975 0.005209 -0.010513 -0.005259 0.999931
1731492937131991040.000000 -2359.081787 79.085678 141.509842 0.999938 0.004452 0.010173 -0.004507 0.999975 0.005432 -0.010149 -0.005477 0.999933
1731492937165332736.000000 -2359.070801 79.113701 141.507751 0.999937 0.004587 0.010253 -0.004642 0.999975 0.005304 -0.010228 -0.005351 0.999933
1731492937198674432.000000 -2359.069336 79.092873 141.505539 0.999938 0.004405 0.010253 -0.004460 0.999975 0.005435 -0.010229 -0.005480 0.999933
1731492937232015872.000000 -2359.040283 79.122879 141.504623 0.999935 0.004578 0.010398 -0.004634 0.999975 0.005382 -0.010373 -0.005430 0.999931
1731492937265357312.000000 -2359.054688 79.094887 141.502167 0.999938 0.004426 0.010246 -0.004483 0.999975 0.005512 -0.010221 -0.005558 0.999932
1731492937298698752.000000 -2359.067627 79.096138 141.498184 0.999938 0.004532 0.010198 -0.004588 0.999975 0.005424 -0.010174 -0.005471 0.999933
1731492937332040192.000000 -2359.103516 79.032822 141.454453 0.999944 0.004017 0.009814 -0.004073 0.999975 0.005768 -0.009790 -0.005808 0.999935
1731492937365380864.000000 -2359.091309 79.046524 141.444153 0.999946 0.003938 0.009598 -0.003992 0.999976 0.005657 -0.009575 -0.005695 0.999938
1731492937398722048.000000 -2359.115723 79.038040 141.406036 0.999945 0.003893 0.009758 -0.003952 0.999974 0.006087 -0.009734 -0.006125 0.999934
1731492937432063744.000000 -2359.139893 78.894157 141.346664 0.999948 0.004397 0.009161 -0.004444 0.999977 0.005052 -0.009138 -0.005092 0.999945
1731492937465405184.000000 -2359.168457 78.906219 141.345413 0.999948 0.004359 0.009266 -0.004406 0.999978 0.004994 -0.009244 -0.005034 0.999945
1731492937498746624.000000 -2359.142578 78.911026 141.345337 0.999948 0.004452 0.009227 -0.004498 0.999978 0.004967 -0.009204 -0.005008 0.999945
1731492937532088320.000000 -2359.158203 78.931419 141.341156 0.999948 0.004529 0.009095 -0.004575 0.999977 0.005083 -0.009072 -0.005124 0.999946
1731492937565429760.000000 -2359.194092 78.926704 141.355072 0.999948 0.004547 0.009114 -0.004593 0.999977 0.005001 -0.009091 -0.005042 0.999946
1731492937598771456.000000 -2359.147461 78.866455 141.314072 0.999946 0.004588 0.009369 -0.004634 0.999977 0.004930 -0.009347 -0.004973 0.999944
1731492937632112384.000000 -2359.174072 78.912804 141.361572 0.999945 0.004752 0.009369 -0.004800 0.999975 0.005131 -0.009345 -0.005176 0.999943
1731492937665454080.000000 -2359.182129 78.937317 141.329758 0.999948 0.004220 0.009239 -0.004264 0.999980 0.004746 -0.009219 -0.004785 0.999946
1731492937698795776.000000 -2359.194092 78.938652 141.365234 0.999945 0.004289 0.009537 -0.004338 0.999978 0.005096 -0.009515 -0.005137 0.999942
1731492937732137216.000000 -2359.214355 78.885025 141.301071 0.999939 0.005043 0.009803 -0.005091 0.999975 0.004878 -0.009778 -0.004928 0.999940
1731492937765478656.000000 -2359.154541 78.925964 141.363510 0.999945 0.004508 0.009472 -0.004558 0.999976 0.005202 -0.009449 -0.005245 0.999942
1731492937798820096.000000 -2359.154541 78.926132 141.367416 0.999945 0.004525 0.009431 -0.004574 0.999976 0.005267 -0.009407 -0.005310 0.999942
1731492937832160768.000000 -2359.183594 78.924728 141.370300 0.999945 0.004545 0.009469 -0.004596 0.999975 0.005413 -0.009444 -0.005456 0.999941
1731492937865502208.000000 -2359.181152 78.963646 141.378540 0.999947 0.004491 0.009311 -0.004541 0.999975 0.005379 -0.009286 -0.005421 0.999942
1731492937898843648.000000 -2359.165283 78.956825 141.376266 0.999947 0.004482 0.009275 -0.004530 0.999976 0.005242 -0.009252 -0.005284 0.999943
1731492937932185344.000000 -2359.104736 79.062798 141.452805 0.999938 0.005063 0.009954 -0.005117 0.999972 0.005446 -0.009927 -0.005497 0.999936
1731492937965527040.000000 -2359.053711 79.082565 141.531082 0.999933 0.004951 0.010467 -0.005016 0.999969 0.006131 -0.010436 -0.006183 0.999926
1731492937998868992.000000 -2359.042725 79.083191 141.533707 0.999933 0.004940 0.010510 -0.005005 0.999968 0.006188 -0.010479 -0.006240 0.999926
1731492938032210944.000000 -2359.051514 79.024345 141.497452 0.999935 0.004953 0.010294 -0.005011 0.999972 0.005634 -0.010266 -0.005685 0.999931
1731492938065552384.000000 -2359.050537 79.069038 141.524582 0.999930 0.005037 0.010683 -0.005095 0.999972 0.005471 -0.010656 -0.005525 0.999928
1731492938098894336.000000 -2359.093994 79.002304 141.426193 0.999938 0.005002 0.009991 -0.005048 0.999977 0.004600 -0.009968 -0.004650 0.999940
1731492938132236032.000000 -2359.045654 79.032005 141.517914 0.999934 0.004953 0.010386 -0.005011 0.999972 0.005552 -0.010359 -0.005604 0.999931
1731492938165577984.000000 -2359.061768 79.092102 141.518341 0.999930 0.005196 0.010673 -0.005254 0.999971 0.005471 -0.010644 -0.005527 0.999928
1731492938198919680.000000 -2359.044434 79.068039 141.499588 0.999934 0.004951 0.010367 -0.005010 0.999971 0.005674 -0.010338 -0.005726 0.999930
1731492938232261376.000000 -2359.059814 79.070045 141.499023 0.999934 0.004858 0.010384 -0.004917 0.999972 0.005676 -0.010356 -0.005727 0.999930
1731492938265602304.000000 -2359.044189 79.052567 141.485992 0.999935 0.004908 0.010255 -0.004964 0.999973 0.005401 -0.010228 -0.005452 0.999933
1731492938298944256.000000 -2359.045410 79.051308 141.502319 0.999937 0.004763 0.010166 -0.004818 0.999974 0.005411 -0.010140 -0.005460 0.999934
1731492938332285952.000000 -2359.052490 79.057648 141.506256 0.999936 0.004833 0.010230 -0.004892 0.999972 0.005706 -0.010202 -0.005755 0.999931
1731492938365627648.000000 -2359.047119 79.042412 141.508484 0.999936 0.004864 0.010199 -0.004920 0.999973 0.005449 -0.010173 -0.005498 0.999933
1731492938398969600.000000 -2359.044922 79.055847 141.498779 0.999934 0.004953 0.010359 -0.005011 0.999972 0.005553 -0.010331 -0.005604 0.999931
1731492938432311552.000000 -2359.040527 79.040848 141.517853 0.999935 0.005032 0.010205 -0.005090 0.999971 0.005653 -0.010176 -0.005704 0.999932
1731492938465653504.000000 -2359.041260 79.041710 141.502991 0.999937 0.004806 0.010189 -0.004861 0.999974 0.005405 -0.010163 -0.005454 0.999933
1731492938498994944.000000 -2359.050537 79.049103 141.493164 0.999936 0.004777 0.010289 -0.004834 0.999973 0.005585 -0.010262 -0.005634 0.999931
1731492938532336896.000000 -2359.043701 79.060829 141.515503 0.999934 0.004838 0.010462 -0.004896 0.999972 0.005583 -0.010434 -0.005634 0.999930
1731492938565678848.000000 -2359.042236 79.033760 141.492691 0.999932 0.004804 0.010599 -0.004864 0.999972 0.005661 -0.010571 -0.005713 0.999928
1731492938599020800.000000 -2359.045898 79.048553 141.504868 0.999935 0.004955 0.010309 -0.005013 0.999971 0.005665 -0.010281 -0.005716 0.999931
1731492938632362496.000000 -2359.061279 79.064598 141.516785 0.999936 0.004834 0.010249 -0.004892 0.999972 0.005670 -0.010222 -0.005719 0.999931
1731492938665704448.000000 -2359.057373 79.075188 141.495392 0.999935 0.004787 0.010309 -0.004846 0.999972 0.005671 -0.010281 -0.005721 0.999931
1731492938699045120.000000 -2359.050293 79.036629 141.508896 0.999935 0.004754 0.010401 -0.004811 0.999973 0.005491 -0.010374 -0.005540 0.999931
1731492938732387072.000000 -2359.078125 79.078873 141.531403 0.999938 0.004567 0.010203 -0.004620 0.999976 0.005255 -0.010179 -0.005302 0.999934
1731492938765729024.000000 -2359.136963 78.996552 141.440994 0.999946 0.003890 0.009592 -0.003946 0.999975 0.005824 -0.009569 -0.005862 0.999937
1731492938799070720.000000 -2359.152100 79.060562 141.449799 0.999945 0.003950 0.009703 -0.004011 0.999972 0.006356 -0.009678 -0.006395 0.999933
1731492938832412672.000000 -2359.170654 79.037720 141.473755 0.999945 0.003916 0.009697 -0.003977 0.999973 0.006181 -0.009672 -0.006220 0.999934
1731492938865754624.000000 -2359.155518 79.060318 141.460938 0.999945 0.004025 0.009678 -0.004086 0.999972 0.006239 -0.009653 -0.006278 0.999934
1731492938899096576.000000 -2359.148438 79.062790 141.462921 0.999944 0.003996 0.009787 -0.004058 0.999972 0.006244 -0.009762 -0.006283 0.999933
1731492938932438272.000000 -2359.172119 78.962143 141.367401 0.999949 0.004086 0.009199 -0.004134 0.999978 0.005139 -0.009178 -0.005176 0.999945
1731492938965779712.000000 -2359.194336 78.952324 141.347931 0.999950 0.004217 0.009079 -0.004260 0.999980 0.004764 -0.009059 -0.004802 0.999947
1731492938999121664.000000 -2359.200928 78.969498 141.345673 0.999950 0.004136 0.009063 -0.004180 0.999980 0.004766 -0.009043 -0.004804 0.999948
1731492939032463360.000000 -2359.202637 78.955566 141.342041 0.999950 0.004203 0.009087 -0.004247 0.999979 0.004813 -0.009066 -0.004851 0.999947
1731492939065805056.000000 -2359.164795 78.911377 141.329086 0.999946 0.004640 0.009248 -0.004687 0.999976 0.005076 -0.009225 -0.005119 0.999944
1731492939099146752.000000 -2359.187256 78.983406 141.332352 0.999950 0.004081 0.009081 -0.004125 0.999980 0.004842 -0.009061 -0.004879 0.999947
1731492939132488448.000000 -2359.185303 78.982262 141.344910 0.999951 0.004064 0.009006 -0.004106 0.999980 0.004712 -0.008987 -0.004749 0.999948
1731492939165829120.000000 -2359.178467 78.966171 141.352905 0.999950 0.004246 0.009006 -0.004288 0.999980 0.004652 -0.008986 -0.004691 0.999949
1731492939199170816.000000 -2359.185059 78.946266 141.347000 0.999951 0.004142 0.009007 -0.004185 0.999980 0.004803 -0.008987 -0.004841 0.999948
1731492939232512768.000000 -2359.205811 78.969673 141.346375 0.999950 0.004102 0.009066 -0.004145 0.999980 0.004759 -0.009046 -0.004797 0.999948
1731492939265854720.000000 -2359.181396 78.931068 141.350342 0.999951 0.004130 0.008982 -0.004172 0.999980 0.004669 -0.008962 -0.004706 0.999949
1731492939299195904.000000 -2359.195557 78.955734 141.338898 0.999950 0.004064 0.009097 -0.004108 0.999980 0.004808 -0.009077 -0.004845 0.999947
1731492939332537856.000000 -2359.159180 78.890648 141.318008 0.999947 0.004496 0.009209 -0.004542 0.999977 0.005035 -0.009186 -0.005077 0.999945
1731492939365879808.000000 -2359.177246 78.914108 141.348740 0.999947 0.004522 0.009251 -0.004568 0.999977 0.004991 -0.009228 -0.005033 0.999945
1731492939399221504.000000 -2359.153564 78.923927 141.334137 0.999949 0.004480 0.009017 -0.004524 0.999978 0.004891 -0.008994 -0.004931 0.999947
1731492939432563200.000000 -2359.143311 78.907776 141.335327 0.999948 0.004420 0.009197 -0.004466 0.999977 0.005007 -0.009175 -0.005048 0.999945
1731492939465904896.000000 -2359.162109 78.886429 141.319580 0.999948 0.004468 0.009128 -0.004513 0.999978 0.004947 -0.009106 -0.004988 0.999946
1731492939499246848.000000 -2359.143066 78.893990 141.361069 0.999948 0.004359 0.009245 -0.004405 0.999978 0.004967 -0.009223 -0.005008 0.999945
1731492939532588544.000000 -2359.164551 78.911499 141.342514 0.999947 0.004525 0.009268 -0.004571 0.999977 0.004951 -0.009245 -0.004993 0.999945
1731492939565930240.000000 -2359.133789 78.911156 141.329376 0.999947 0.004494 0.009215 -0.004541 0.999977 0.005006 -0.009192 -0.005048 0.999945
1731492939599271168.000000 -2359.170166 78.905312 141.342514 0.999947 0.004395 0.009298 -0.004442 0.999977 0.005115 -0.009275 -0.005156 0.999944
1731492939632612864.000000 -2359.181885 78.927803 141.337967 0.999947 0.004471 0.009249 -0.004517 0.999978 0.004946 -0.009227 -0.004987 0.999945
1731492939665954560.000000 -2359.176514 78.933868 141.341644 0.999948 0.004395 0.009194 -0.004442 0.999977 0.005036 -0.009172 -0.005077 0.999945
1731492939699296512.000000 -2359.149414 78.930779 141.320831 0.999947 0.004504 0.009302 -0.004549 0.999978 0.004855 -0.009280 -0.004897 0.999945
1731492939732638208.000000 -2359.145752 78.929573 141.326309 0.999948 0.004465 0.009217 -0.004511 0.999978 0.004944 -0.009195 -0.004985 0.999945
1731492939765979904.000000 -2359.133057 78.924171 141.321075 0.999947 0.004508 0.009263 -0.004554 0.999977 0.004952 -0.009241 -0.004994 0.999945
1731492939799321856.000000 -2359.145264 78.909363 141.327408 0.999946 0.004558 0.009303 -0.004603 0.999977 0.004886 -0.009280 -0.004928 0.999945
1731492939832663552.000000 -2359.145508 78.903084 141.317688 0.999950 0.004332 0.009044 -0.004376 0.999979 0.004785 -0.009023 -0.004825 0.999948
