1732023572360997120 -2287.133301 -29.794971 1356.627945 -0.24031014385498123 -0.7012161771472333 -0.7551739238670592
1732023572394292736 -2289.139404 -30.047636 1369.310959 1.9862842143357333 -0.6160081418888734 -1.259291407397483
1732023572427586304 -2289.855957 -30.325043 1378.248276 2.858653436623444 -0.3806653975557074 -1.6896550074974659
1732023572460863232 -2290.243408 -29.915653 1381.914902 2.886582944633581 -0.33735429611063283 -1.712877941706412
1732023572494136320 -2291.382568 -28.006683 1393.65506 2.5726230554503062 -0.5055130977644238 -1.7188514192243782
1732023572527405824 -2292.607666 -26.679869 1409.86322 1.8570150352713373 -0.41034102190244426 -1.8212662159887512
1732023572560671488 -2293.430176 -26.117025 1423.221878 1.2797803403602857 -0.2990364328694328 -1.8466471103296098
1732023572593933568 -2294.166748 -26.129526 1437.221878 0.8025751505763644 -0.14869093792566687 -1.8711154792509663
1732023572627193088 -2295.046875 -26.898493 1457.221222 0.5242709711500421 -0.07604365269569432 -1.8369741519761729
1732023572660448512 -2295.834229 -27.776134 1473.42041 0.40273425555085424 -0.0597166404722457 -1.605466654418419
1732023572693700864 -2296.461182 -29.098232 1490.401703 0.5059439746445827 0.13608237674240947 -1.4555868945273984
1732023572726949120 -2297.154297 -31.307062 1513.784851 0.8686852286561385 0.11554738265430775 -0.9178976740758031
1732023572760194304 -2297.695557 -33.123001 1531.430389 0.990680202138576 0.038895401883177166 -0.5221903526164751
1732023572793435904 -2298.27832 -35.024895 1549.146271 1.1410999316478379 -0.09270234365396313 -0.28316286711144284
1732023572826674432 -2299.37207 -37.261154 1572.8359070000001 1.2605681512884976 -0.3287679664190356 0.027899980895898863
1732023572859909120 -2299.665771 -39.44149 1590.412018 0.9487346352308055 -0.420955046830713 0.15549509616239424
1732023572893140224 -2299.952393 -41.53125 1608.461456 0.6959500558308659 -0.385316867275703 0.21911918628567137
1732023572926368000 -2300.211182 -44.223141 1632.548859 0.17982985098874943 -0.3368999565906304 0.27140104304602564
1732023572959592448 -2300.175781 -46.565384 1650.4860840000001 -0.032381113090762505 -0.22705940291524745 0.22128460653516477
1732023572992813056 -2299.986816 -49.443474 1667.63327 -0.06133473637120441 -0.07482630757536941 0.21836628207943834
1732023573026030336 -2299.970703 -52.959465 1689.633209 0.21348396128914235 -0.0364974504343789 0.09220720726687988
1732023573059243264 -2299.571533 -56.01141 1704.578796 0.479744434829621 0.08755753541422251 -0.03613150019436111
1732023573092453120 -2299.540039 -57.621231 1718.859802 1.012931861351381 0.0318609124767742 0.01598190992545531
1732023573125659904 -2298.745117 -60.430008 1735.383179 1.6158417750673482 0.10147882886378201 -0.16573435993390812
1732023573158863616 -2298.073486 -62.216248 1746.7982789999999 1.7863786887534077 0.06938195829579842 -0.13471386622618695
1732023573192063232 -2297.528809 -63.674194 1757.1917110000002 1.8834888325261208 0.05786960066078426 -0.22396742009360307
1732023573324827648 -2294.458984 -69.766243 1795.338379 1.6714851670197972 -0.04808451431154734 -0.8898419222741224
1732023573358010112 -2293.737793 -71.072968 1802.325745 1.5820818976677187 -0.14329810593585837 -0.9448036845220344
1732023573391188736 -2293.167725 -71.464287 1809.572815 1.6416047001397915 -0.2785641286659597 -0.9620513517642273
1732023573424366080 -2292.295654 -72.302734 1818.938171 1.4686976539065921 -0.20070847895272037 -1.0926439722498442
1732023573457707520 -2291.786865 -72.300056 1825.961853 1.3961247079607204 0.003269429573068584 -1.1972769855313703
1732023573491048448 -2291.265869 -71.706902 1832.525208 1.495075054847725 0.03202982761510375 -1.2929347776537057
1732023573524389888 -2290.532227 -71.398422 1841.03064 1.5839851953305366 0.2922772235920687 -1.2400510881662852
1732023573557731840 -2290.081543 -70.554321 1847.280701 1.754239495406975 0.5169812469716379 -1.1190514921074326
1732023573591073536 -2289.846436 -69.601723 1853.1045530000001 2.038515732604584 0.6382416916381691 -1.0750141349389708
1732023573624415488 -2290.070312 -67.469612 1860.859497 2.2590242266286196 0.595194172834654 -0.9916671560724546
1732023573657757184 -2290.187012 -65.881706 1866.52887 2.4780724204940774 0.5786814768168527 -0.9364695480677901
1732023573691099136 -2290.125 -64.02887 1872.498352 2.656076793318365 0.48037256253104627 -0.8507300162224667
1732023573724441088 -2289.80249 -61.925079 1880.3451539999999 2.764209321581349 0.48823392488487494 -0.7849347706204712
1732023573757783040 -2289.773682 -60.284821 1886.45459 2.977495699320672 0.4875863433101581 -0.7694084935449597
1732023573791124736 -2289.544678 -59.304375 1892.674072 3.068728726263333 0.5822006989157836 -0.8899589316154466
1732023573824466688 -2289.04126 -57.524132 1900.7285160000001 3.5065667232702356 0.6242429970026029 -1.0133257766386916
1732023573857808384 -2288.744873 -56.475422 1906.594788 3.8094742264598693 0.7041455595158493 -1.1264958484360164
1732023573891150336 -2288.234131 -55.553471 1912.4030149999999 4.058514041482699 0.7499183697431947 -1.2334361381578436
1732023573924491264 -2287.331543 -54.740566 1919.476135 4.399159591863476 0.8343662202962331 -1.29850477631922
1732023573957832704 -2286.782715 -54.105106 1924.9130249999998 4.722452782858327 0.8483947213769599 -1.3503255154460236
1732023573991174912 -2286.068604 -53.919308 1929.499268 4.8288944291674305 0.9340368553948999 -1.3506421352269837
1732023574024516608 -2284.931152 -54.018658 1935.484802 4.777877820213362 0.8943460975356833 -1.2351557452561985
1732023574057858816 -2284.378418 -54.020027 1939.32843 4.814829306662366 0.8179891609083958 -1.2115164056671877
1732023574091200512 -2283.762207 -54.284054 1942.391663 4.703550492568335 0.7743152093805115 -1.204268217820014
1732023574124542208 -2283.040527 -54.881886 1944.9589839999999 4.775878744533221 0.8096106038833786 -1.274773419667259
1732023574157884416 -2282.367676 -55.263397 1945.660034 4.7501544289819115 0.7262511817283739 -1.2342844963449895
1732023574191226112 -2281.743896 -55.844475 1944.649109 4.762363811848732 0.7681742611509522 -1.3111644635822162
1732023574224567808 -2280.914551 -56.720364 1941.249695 4.866070358685503 0.7640588152332175 -1.3921637836392675
1732023574257910016 -2280.498779 -57.26384 1937.25 4.793043701830471 0.8341242146084062 -1.5049510457223678
1732023574291251712 -2280.209961 -57.316528 1932.4320679999998 4.5459458299130215 0.728785314788858 -1.455072381433891
1732023574324593664 -2279.849854 -57.704765 1923.874512 4.24148391352911 0.8391723378437541 -1.54734743276911
1732023574357934336 -2279.626465 -57.894226 1916.338013 3.954630772079099 0.9071929268374481 -1.5687564436667716
1732023574391276288 -2279.344238 -58.378586 1907.996033 3.8010878618877486 0.9293262360425373 -1.4885028620074243
1732023574424618496 -2279.360107 -58.590878 1895.8122560000002 3.6452543166481863 1.06508697738759 -1.3703606098390615
1732023574457959168 -2279.670166 -58.409885 1886.3305659999999 3.5628135856673455 1.071606639838876 -1.249750037481915
1732023574491300096 -2279.749268 -58.47002 1876.2960209999999 3.477301687642766 1.0530062466036472 -1.1537015238073514
1732023574524640768 -2280.208252 -58.368645 1862.7369999999999 3.256331182223626 1.09052383649152 -0.9971784518856879
1732023574557981696 -2280.887207 -58.164124 1852.507446 3.0872602600046712 1.056820917289355 -0.9422562241114919
1732023574591322624 -2281.599854 -58.115017 1841.800354 2.9898700693742364 0.9681303340480868 -1.0148899142488765
1732023574624663040 -2282.181152 -58.202168 1827.805298 2.7317809613528037 1.1298915316719604 -0.9628631146409286
1732023574658003968 -2282.569336 -57.865456 1817.2966310000002 2.6838107294619724 1.0010605680929876 -0.9012621202536925
1732023574691344640 -2283.232666 -57.541664 1807.137268 2.552543115560147 0.9614687842939147 -0.9406211622956171
1732023574724685312 -2284.164795 -56.943222 1793.5651249999999 2.5004978174882297 0.9701346108036686 -0.9665371126161396
1732023574758026240 -2284.955078 -57.082485 1779.752258 2.4174792526318045 1.003301592217094 -1.0467259642523203
1732023574791366912 -2285.267822 -57.108097 1772.650513 2.553212467844487 0.952591843876366 -1.027735305115133
1732023574824706304 -2286.004883 -57.169201 1758.215576 2.8954522852566145 0.9663032422128931 -1.0632297341292296
1732023574858047232 -2286.5625 -57.04583 1747.475281 3.2157761055225906 0.923538315625004 -1.030825006742269
1732023574891387904 -2286.888672 -57.077648 1736.4936519999999 3.243692354303149 0.8879712266202084 -0.9708781864770172
1732023574924728320 -2287.033203 -56.899544 1721.969788 3.236422588198094 1.0965882939406704 -0.893088193077873
1732023574958068736 -2286.947998 -56.939285 1711.088776 3.1281368046334372 1.170077826073562 -0.7814798124936158
1732023574991409664 -2286.808838 -57.147411 1699.853821 2.9993423705974145 1.3486857911794994 -0.7157035343128909
1732023575024750336 -2286.602295 -57.467876 1684.905151 2.908643579595038 1.6025376080378297 -0.4538232522730329
1732023575058091264 -2286.288818 -57.523026 1673.968719 2.76004934352692 1.7719122496075088 -0.25388804678889987
1732023575091431680 -2285.921875 -57.834663 1663.0268859999999 2.6148336386293356 1.809644026742301 -0.02274432082018326
1732023575124772352 -2285.544678 -58.336784 1648.413422 2.480649455886273 1.8701279366414887 0.3481419454178891
1732023575158112768 -2285.533691 -58.623627 1637.479614 2.4760406961832766 1.7848675433336083 0.5837387873762115
1732023575191453184 -2285.355225 -58.942543 1626.426514 2.464196240060191 1.6769397358257458 0.819828627753185
1732023575224793600 -2285.258789 -59.537041 1611.574005 2.534148736730457 1.5812811235047983 0.9979017359958116
1732023575258133504 -2285.318359 -60.065041 1600.0310670000001 2.4731948137243704 1.446415586250382 1.0364706187005708
1732023575291473920 -2285.452393 -60.237518 1588.679932 2.2924156828349407 1.3247178781547042 1.1660856425283972
1732023575324814336 -2285.619141 -60.889187 1573.309814 2.0001813173022374 1.1240466804063052 1.2601548374142904
1732023575358154752 -2285.728271 -61.188995 1561.677155 1.8564412132939152 0.964277665248463 1.303826233642824
1732023575391495424 -2285.936035 -61.993237 1550.179535 1.7940894171354576 1.0226163430359905 1.3202278741958087
1732023575424835584 -2285.890381 -62.798706 1534.957184 1.6345512786246126 0.9866463833096459 1.3153627623634685
1732023575458176512 -2285.876465 -63.364338 1523.995209 1.5278898181424079 1.0442367477691485 1.2466015986949348
1732023575491517184 -2285.810547 -64.047386 1513.126862 1.3695260244603493 1.0923015798135767 1.2533801021107254
1732023575524857856 -2285.443604 -65.326576 1498.924683 1.4517476418516888 1.4520242857470624 0.9311071380909756
1732023575558198272 -2285.646484 -64.772522 1489.262543 1.3714056246817496 1.2345404666110096 1.0401755297622242
1732023575591539200 -2285.458008 -65.221634 1479.3638310000001 1.5065785743617788 1.197453657940362 1.0056858557142088
1732023575624879616 -2284.819092 -66.265839 1466.254211 1.6349922008509026 1.4731003726728473 0.6950545309076891
1732023575658220288 -2284.844727 -65.391953 1457.466736 1.446214629826091 1.2035868951952267 0.8237362815744186
1732023575691559680 -2284.447754 -65.245872 1448.698837 1.3487141363746997 1.1896594403768812 0.7659593213368006
1732023575724900608 -2284.045654 -64.564697 1437.387451 1.1139616486539368 1.3278363412371945 0.644723640007077
1732023575758241280 -2283.581543 -64.224533 1429.164749 1.01893879454841 1.3820922120601302 0.5884811871292006
1732023575791581952 -2283.172363 -63.695946 1421.316879 0.9598625582118885 1.4227807324013142 0.5378759596589701
1732023575824922368 -2282.812744 -62.713394 1411.796783 0.7263106313040129 1.466296878513726 0.5856453207291595
1732023575858263040 -2282.590576 -62.133144 1405.10936 0.7249784852746413 1.5393299281694528 0.5900258397969868
1732023575891603456 -2282.463867 -61.796688 1398.635559 0.7498901595057579 1.5783733807717142 0.5425669836368153
1732023575924943872 -2282.666504 -60.62849 1391.1091920000001 0.5986960142765506 1.4197805512018522 0.6939622785747784
1732023575958284288 -2282.780029 -60.141449 1385.773941 0.5305542326417413 1.4256615430503676 0.6932851795721807
1732023575991625216 -2282.968994 -59.636795 1380.813461 0.4997278784145704 1.3657566766269955 0.6982462849922526
1732023576024965888 -2283.142578 -58.911705 1374.95491 0.4285828866007456 1.3197018932832296 0.737962456096709
1732023576058306304 -2283.318359 -58.381798 1371.115311 0.3171984676343475 1.3626183448038187 0.6850217450022317
1732023576091646720 -2283.480713 -57.817703 1367.687759 0.3614614197700384 1.276478138543424 0.6926014916246609
1732023576124987136 -2283.570801 -57.258465 1363.755417 0.30915186290906954 1.3598247651173339 0.6531406277802512
1732023576158326784 -2283.591309 -56.841194 1361.374695 0.274830431952841 1.4107582255511433 0.6460419117652395
1732023576191667456 -2283.863281 -56.069794 1359.185501 0.2251842898850408 1.3598882999726476 0.6423135560875874
1732023576225008128 -2283.916016 -55.254688 1356.431732 0.35655801443144236 1.3669574296006957 0.5933540113449017
1732023576258348288 -2284.190674 -54.553089 1354.925003 0.34251323148887197 1.437865271303355 0.5952695512807286
1732023576291688704 -2284.231201 -53.75869 1353.257309 0.29203266810420947 1.3131722497679341 0.5980549677799882
1732023576325029632 -2284.332275 -52.803219 1351.335968 0.3530777871941214 1.32403173086254 0.5696218251095168
1732023576358370048 -2284.388672 -52.312382 1350.138138 0.28427169947582265 1.3410621664354052 0.5272072667823875
1732023576391710464 -2284.239014 -51.982338 1349.124832 0.130739933998342 1.426663244361086 0.508322827473698
1732023576425050880 -2284.130615 -51.229 1348.653992 0.06952214533061779 1.362112085486284 0.5649350242675546
1732023576458392320 -2284.044434 -50.613949 1349.109085 0.046190370621898055 1.2829362383441933 0.6630402716348076
1732023576491734528 -2283.97168 -50.320576 1350.072189 0.061663778030944465 1.302458745104278 0.7060923729904878
1732023576525076224 -2283.948486 -49.953709 1352.236313 0.19255528987345313 1.2245123427879492 0.7624553152004246
1732023576558417920 -2283.813477 -49.665169 1354.371124 0.23605887030578768 1.2025562537569616 0.8398950179839861
1732023576591758336 -2283.589355 -49.197449 1356.881699 0.14111658243419378 1.2694269899238464 0.8561244118041398
1732023576625100032 -2283.427002 -48.612846 1360.893509 0.29085072537803336 1.3448522297409735 0.8340359512493697
1732023576658441984 -2283.301758 -48.228069 1364.387161 0.26048203205311526 1.424570128700654 0.8196605762557143
1732023576691783680 -2283.268311 -47.902596 1368.3541109999999 0.2979676864034924 1.3802319744032694 0.8300344944366769
1732023576725125632 -2283.199219 -47.607342 1374.401505 0.26100196216324306 1.3562869540880491 0.6924457095534343
1732023576758467072 -2283.155518 -47.515816 1379.703262 0.28792097409801526 1.299533646613961 0.5703501904061248
1732023576791808768 -2283.174316 -47.418381 1385.598022 0.24315871884993567 1.3357959474219308 0.51734404522855
1732023576825150720 -2283.172852 -47.294159 1394.280853 0.21331732706497322 1.1842490142314275 0.4082794028350823
1732023576858492416 -2283.149658 -47.082443 1401.322357 0.2133056002429947 1.1759229433350102 0.3375509896282339
1732023576891834368 -2283.098145 -47.153278 1408.287415 0.2628853857479453 1.166849766193765 0.24311694418183377
1732023576925176064 -2282.984619 -47.005219 1418.172516 0.31932814304786994 1.082315783798647 0.24434146085976274
1732023576958517504 -2282.682129 -47.118755 1425.979233 0.27851335247821096 1.2125266761973137 0.12133427315843134
1732023576991859712 -2282.539062 -46.632065 1434.365707 0.21512827109254007 1.1619943688780736 0.14858799441365333
1732023577025201664 -2282.296631 -46.609196 1445.660019 0.28821086053648354 1.2843903253986326 -0.007284633036455813
1732023577058542080 -2282.14502 -46.650566 1454.276978 0.4069855070445252 1.3796847976784328 -0.11117058744450392
1732023577091884032 -2282.203369 -46.28701 1463.571014 0.40451856612325493 1.3649206693843532 -0.11010597676262081
1732023577125225472 -2282.519043 -45.899021 1476.55191 0.46182527096822573 1.3717363607496673 -0.1718017293178505
1732023577158567680 -2282.489746 -46.013748 1486.597137 0.4909764388395336 1.5994982142093674 -0.29014631675795594
1732023577191909632 -2282.369873 -46.779732 1496.56131 0.8415666046928402 1.8438760461029244 -0.6238846175945515
1732023577225251072 -2282.746094 -47.018288 1510.789276 0.939031829946977 1.8400893038509032 -0.7350432347165997
1732023577258593024 -2283.219727 -46.480213 1522.3005679999999 0.7027583337137706 1.6726448694350866 -0.635468407349592
1732023577291934720 -2283.498779 -46.855461 1533.578003 0.7128492289134439 1.5181645670456487 -0.6807614257734902
1732023577325276672 -2283.842285 -47.63435 1548.890961 0.7101301359791756 1.6341321249213516 -0.7606529095658728
1732023577358618624 -2284.158691 -47.809677 1560.621613 0.7296110166226567 1.4315171664627193 -0.7558705637925391
1732023577391960320 -2284.147949 -48.902199 1572.296448 0.7583585026382117 1.4724842088078272 -0.8471232660967268
1732023577425302528 -2284.144287 -49.599495 1588.562592 0.6888954142686416 1.378832288386952 -0.9375052381198444
1732023577458643200 -2284.032959 -50.444778 1600.891449 0.694165246594987 1.4626942533611684 -1.0452497118094388
1732023577491982336 -2283.73999 -51.331047 1613.037537 0.8285201061308073 1.492662230160344 -1.1372589189318576
1732023577525323264 -2283.080566 -52.415859 1629.483215 1.0913839392765528 1.5668283029435395 -1.196993135017165
1732023577558663936 -2282.428955 -53.311268 1641.92099 1.2691711661673357 1.738907082273708 -1.2478120470438379
1732023577592004608 -2281.844482 -54.075878 1654.4312439999999 1.4069573667013777 1.8566450953286178 -1.3580743865123173
1732023577625345280 -2280.908203 -55.074287 1670.81839 1.6531320748065592 2.068382188735349 -1.5017834438281488
1732023577658685952 -2280.130859 -55.613419 1682.951508 1.7794014873121689 2.073433357507206 -1.5429778069051845
1732023577692026368 -2279.462402 -55.949703 1695.1651 1.8541000066617779 2.0831749555169226 -1.618730634093725
1732023577725367040 -2278.513916 -56.679291 1710.770996 1.9739910798749531 2.1746761463463877 -1.841941669366855
1732023577758707456 -2277.900391 -57.042255 1722.573547 1.8407723547932853 2.113136285036862 -1.905751346339947
1732023577792048128 -2277.376953 -57.513733 1734.201965 1.893827894134562 2.002742760644441 -1.9597921964569844
1732023577858729472 -2276.087158 -58.597397 1761.4880369999998 1.9524389064106216 1.6234630112955155 -1.8596359250426715
1732023577892069888 -2275.655273 -58.974442 1772.878418 1.8599857713195054 1.500518961773778 -1.8426775264889945
1732023577925409536 -2275.031494 -59.143444 1788.034058 1.7052345576920518 1.2942387473617245 -1.85033812377849
1732023577958749952 -2274.651123 -59.49543 1799.1171880000002 1.6992681871854538 1.1448062738437874 -1.8672475450647257
1732023577992090624 -2274.536377 -59.602013 1809.9548340000001 1.6828722101790845 0.9842632027554263 -1.8445387451104378
1732023578092112384 -2274.571777 -58.742947 1846.0148319999998 1.5399771697143028 0.563235562901001 -1.6919329340102298
1732023578125453056 -2274.99707 -57.707024 1860.141296 1.6047824894073854 0.5147542567468929 -1.6569959311538245
1732023578192133888 -2275.631104 -57.341896 1880.024109 1.718391247316227 0.5294757415533116 -1.6812549233007668
1732023578225474304 -2276.176758 -57.175003 1892.304016 2.014458352056475 0.5504526653415542 -1.6792045595222456
1732023578258814720 -2277.216553 -57.002068 1901.299805 2.133569931147222 0.6235752129139264 -1.714761112327789
1732023578292155136 -2277.852051 -56.679047 1910.0032350000001 2.3270628295331885 0.5791916656066464 -1.7699417870097722
1732023578325496320 -2278.465576 -56.643864 1920.924133 2.3870112009616937 0.6744455514808698 -1.7819889772688882
1732023578392176384 -2279.364014 -57.454403 1935.966797 2.7098456711222583 0.8110953989503493 -1.8850037496961523
1732023578425516800 -2279.853027 -57.455009 1945.924805 2.786955032591969 0.6655152580878374 -1.7269893646073537
1732023578458858752 -2280.395752 -57.90464 1952.786194 2.774513306009884 0.7788484779224253 -1.8188016187260756
1732023578492200448 -2280.703369 -58.140385 1959.41156 2.7387985940767083 0.7479237614677513 -1.7672656569208705
1732023578525541888 -2281.053711 -58.476257 1968.056213 2.7331500389310115 0.5981313122964657 -1.7158390110612687
1732023578558884352 -2281.211182 -58.605362 1974.374573 2.619038417165286 0.4777057026852303 -1.6000583153080719
1732023578592226048 -2281.207764 -58.880802 1980.2457279999999 2.4179156448505212 0.4021616614482994 -1.5662320416417104
1732023578625568000 -2281.437988 -59.625381 1987.277649 2.253660006264758 0.4305899979350474 -1.676199706623808
1732023578658909952 -2281.41748 -60.256367 1991.82666 2.1977054241649614 0.5490746480884283 -1.7269045617045353
1732023578692251648 -2281.237793 -61.314117 1995.7478640000002 2.411023732213843 0.634060255030573 -1.8605326405452751
1732023578958986240 -2280.577148 -60.950314 1989.205017 3.0016020591555295 1.01010539547145 -2.3893070666183664
1732023578992328448 -2280.715576 -60.800903 1983.836548 2.883297648623725 1.0092418281354008 -2.350790569853278
1732023579025670400 -2280.964111 -60.720047 1975.4835209999999 3.003468436973865 0.8370822286614877 -2.20155776418929
1732023579125696512 -2282.659424 -58.989201 1950.8977049999999 2.896008246651107 0.7927122447209738 -1.8377161049495447
1732023579159038208 -2283.231689 -58.711491 1942.559143 2.8428704098812667 0.8089202682735838 -1.7604607473739808
1732023579192379904 -2283.39209 -58.894222 1933.9800420000001 2.744338953531352 0.8513286640984254 -1.7651232362603526
1732023579225722368 -2284.201904 -58.429218 1922.36676 2.5008816865385666 0.9325524975943653 -1.6735558604557115
1732023579259063296 -2284.86792 -57.585926 1913.564087 2.291652336484281 0.8006048760815073 -1.5565130321050986
1732023579292405248 -2285.069824 -57.560513 1903.759949 2.3551097444715468 0.853935303116884 -1.5048142208822823
1732023579325747200 -2285.252441 -57.179413 1890.017578 2.4129767941968723 1.1182067461633185 -1.388605119193121
1732023579359089408 -2285.782471 -56.633389 1879.0292359999999 2.4752245475955146 1.25281265125082 -1.4600809761334705
1732023579392431616 -2286.155518 -56.089306 1867.88324 2.364124038769212 1.394399181158204 -1.5069301396671138
1732023579425773312 -2286.474609 -55.386738 1851.9719850000001 2.3675706224102826 1.5455690847353747 -1.5386875606818111
1732023579459114496 -2286.856934 -55.160572 1839.286133 2.410840497677932 1.5698142639993016 -1.579352083780989
1732023579492455936 -2287.369141 -54.794476 1826.2667239999998 2.4356465676814394 1.5912520693360963 -1.588788938276383
1732023579525796864 -2287.869873 -54.766327 1808.3776249999999 2.4475542226233666 1.5980221758359658 -1.5453576933063056
1732023579559138048 -2288.147705 -54.800537 1793.8671880000002 2.619746367862313 1.6289582683070407 -1.5342768254800132
1732023579592478720 -2288.404297 -54.879402 1779.2795409999999 2.710239902254556 1.6265232849919151 -1.591268447345769
1732023579625820416 -2288.512939 -55.226971 1759.324585 2.605284989684756 1.7870428987074785 -1.5936957289064504
1732023579659161088 -2288.823975 -55.335964 1744.1583859999998 2.6672262247495655 1.9247511383445894 -1.5795307091822395
1732023579692502528 -2288.52002 -56.007687 1728.510742 2.675382529031348 2.0899834661082592 -1.6645741272913785
1732023579725842432 -2288.617676 -56.721996 1707.9864810000001 2.5785210667955387 2.2362091702379403 -1.6705814962025716
1732023579759183616 -2288.68457 -56.999363 1692.678192 2.5862228401330496 2.288999397928696 -1.613337324581621
1732023579792524288 -2288.657959 -57.219681 1677.704285 2.5151918300469305 2.4280040897113966 -1.7008156493149775
1732023579825865984 -2288.520996 -58.289528 1657.720886 2.3141555767864572 2.297495656545583 -1.5550791393763403
1732023579859207168 -2288.328613 -59.334419 1643.098328 1.887406952120819 2.3113021227380424 -1.5319130199966389
1732023579892548096 -2288.303223 -59.795597 1629.1182860000001 1.7792154828621431 2.261144250717356 -1.405328604543315
1732023579925889280 -2288.108398 -60.940887 1609.935333 1.5494086271252705 2.189767688387053 -1.4116866377136295
1732023579959230208 -2287.838379 -61.861637 1595.619965 1.4579104853832963 2.0149202455437867 -1.2646623447461713
1732023579992571136 -2287.651611 -62.899834 1581.522034 1.4555489871764515 2.2069369828922065 -1.4001365058447641
1732023580025912320 -2287.698242 -63.616997 1563.3793329999999 1.1187021689201788 2.213209216055735 -1.283509582206614
1732023580059253504 -2287.533203 -64.87001 1549.381958 1.2761876097000364 2.340545395844329 -1.4768947219427517
1732023580092594688 -2287.948486 -64.378044 1536.372131 1.0021845684524628 1.9937734720997806 -1.2330990158968889
1732023580125935872 -2288.599854 -64.366661 1519.282257 0.9162584800790117 1.5925867636195128 -1.2451596220034762
1732023580159276032 -2288.399902 -65.505028 1505.621521 0.9626419596366061 1.9137282041262857 -1.312506368633634
1732023580225957888 -2289.392822 -65.915344 1476.77359 0.8998526894046625 1.826213197248944 -1.4449120600355274
1732023580259299328 -2289.812744 -65.513824 1465.705383 0.8262463630548146 1.6787638203131339 -1.4205334750444312
1732023580292640512 -2290.146973 -65.046425 1455.055038 0.5893587729754175 1.6828026701151322 -1.5081642808585158
1732023580325981440 -2290.624268 -64.555618 1442.166565 0.4457927547393879 1.6974015100905526 -1.600901383788033
1732023580359322624 -2290.816895 -64.108719 1433.548599 0.26525077835259886 1.8618859880850451 -1.6037384997820234
1732023580392663808 -2291.007812 -63.679413 1425.363602 0.09908374312048929 2.0479001082030086 -1.7386682926319403
1732023580426004736 -2291.348633 -62.784271 1415.5678560000001 0.22313905195769826 2.0742158245608606 -1.7945926252672277
1732023580459345920 -2291.508545 -62.300339 1408.595627 0.3237213805968711 2.1323956835606768 -1.834080096047746
1732023580492686848 -2291.628174 -61.878635 1401.789322 0.566579263066003 2.2354932828734353 -1.9277581022965844
1732023580526028032 -2291.855957 -60.690643 1393.337418 0.8764557628339552 2.3809263932905242 -2.0754910163844587
1732023580559368704 -2291.779785 -59.947712 1387.293503 0.8872779708994433 2.3690301594577696 -2.06978792031477
1732023580592708864 -2291.76416 -58.949966 1381.922882 0.9616801446809787 2.4582173487836187 -2.18665531117267
1732023580626049536 -2291.662842 -58.559624 1375.044083 1.0473051200327315 2.608303611951046 -2.3561908588020333
1732023580659390720 -2291.319824 -57.674305 1370.678345 1.0412714778906487 2.5938219417325716 -2.306639053127448
1732023580692731904 -2290.786621 -56.35223 1366.907745 1.2925408948238413 2.479511621790386 -2.1987358898033738
1732023580726072832 -2290.005859 -55.613243 1362.001785 1.499467518836293 2.5703276940447024 -2.268525263356114
1732023580759414016 -2289.437256 -54.890266 1359.148087 1.5561451089538085 2.5436135664354853 -2.206255760691098
1732023580792754688 -2288.717529 -54.680477 1356.2190249999999 1.4359789934605665 2.3846094391327832 -2.0401033917358222
1732023580826096128 -2287.702148 -53.855724 1353.640854 1.4876308583791786 2.195571599973178 -1.8208498363710548
1732023580859437056 -2286.858643 -53.487141 1352.040131 1.6174562433943165 2.0670478531450556 -1.7143378027207472
1732023580892777984 -2286.334961 -52.759922 1351.331528 1.3116828046911724 1.9458531456401 -1.6498080690132721
1732023580926118912 -2285.61499 -52.387932 1350.36731 1.1336506332889134 1.7347669576108535 -1.6316300144456157
1732023580959460096 -2285.215088 -52.248188 1350.347397 1.232559825934974 1.6167049785524386 -1.6565821983829894
1732023580992801024 -2284.381348 -52.247375 1352.35379 1.2381245430029804 1.7928303066739142 -1.746483507911611
1732023581026142208 -2283.849854 -52.641026 1354.79837 0.8791766493904806 1.4848693413115062 -1.5119386370954297
1732023581059481856 -2283.485596 -52.890823 1358.819031 0.5667381663436081 1.5149036765797346 -1.4874488955524834
1732023581092823040 -2283.201172 -53.284649 1366.1929930000001 0.13714024892088922 1.3782716657111613 -1.3107875856871039
1732023581126164224 -2283.026367 -53.61919 1373.0412450000001 -0.2517853795688023 1.3841015743046017 -1.2138017687899731
1732023581159505152 -2282.791504 -54.451477 1380.607071 -0.4554438727299831 1.2306635101220287 -1.1005971949740991
1732023581192846336 -2282.64917 -55.191193 1392.46936 -0.7489625154837316 1.1300166207659106 -1.0094514652431434
1732023581226187264 -2282.786133 -56.398769 1401.872696 -0.900215852579771 1.1586527109190248 -1.0019645512518685
1732023581259527936 -2282.691895 -56.765495 1411.922745 -0.9374653644104871 1.0814140569729858 -0.8487928101808174
1732023581292869120 -2282.55249 -56.661369 1425.573105 -0.8688025821754718 1.0711444256418563 -0.7018904950430019
1732023581326210304 -2282.568848 -56.510075 1435.932983 -0.755411272675487 1.0225123575638315 -0.6394629328374245
1732023581359551232 -2282.673096 -56.200039 1446.233154 -0.711216791336469 1.1050535709422495 -0.6577812050032836
1732023581392892416 -2282.765625 -55.521896 1459.810608 -0.656967892489543 1.1335977392346892 -0.7063902255143273
1732023581426233600 -2282.76001 -54.770103 1470.3367 -0.5726287391578344 1.1707864613592467 -0.671385005912822
1732023581459574784 -2282.732422 -53.92997 1481.122375 -0.5413295871164231 1.1751055718172179 -0.5817436460834011
1732023581492915200 -2282.781494 -53.291378 1495.506165 -0.44583969119634603 1.3829752217685753 -0.6405913743196323
1732023581526256640 -2282.699463 -52.410706 1506.690369 -0.3570060199580815 1.3107462383081032 -0.5881918521668124
1732023581559598080 -2282.551025 -52.223995 1517.581635 -0.5277560505233256 1.120247965688438 -0.3398939012882004
1732023581592939264 -2282.773926 -50.180481 1533.4876100000001 -0.07618446314591108 1.2429728235921114 -0.435785562037455
1732023581626280704 -2282.758545 -49.359207 1545.176819 0.08103304552109288 1.2637710668942383 -0.360545932894949
1732023581659622400 -2282.671631 -48.450989 1557.063141 0.06078237130442049 1.2462419004877838 -0.18849506602272467
1732023581692963840 -2282.357666 -48.40733 1572.322845 0.41676107984248867 1.5651475808865587 -0.40763924809680896
1732023581726305280 -2282.573975 -46.89513 1584.9644170000001 0.042699201356365846 1.267380027391236 -0.02253480206089112
1732023581759646720 -2282.401367 -46.458977 1597.12738 0.05994070622439858 1.3067779777168966 -0.00991752175317311
1732023581792987904 -2282.36377 -46.229733 1613.662872 -0.10692686742721842 1.2215998095918488 0.01874397788619724
1732023581826329600 -2282.320557 -46.206898 1626.486694 -0.13271186445650623 1.1536166727015795 0.09948622471348617
1732023581859670784 -2282.042236 -46.398689 1639.125214 -0.167501720263517 1.0621516835123754 0.15333167587656557
1732023581893012480 -2281.324219 -46.922676 1656.2128910000001 -0.29481958822618803 0.9206088776086908 0.14113902302163892
1732023581926352640 -2280.900635 -47.406261 1668.7761229999999 -0.25688068984301954 0.9379868554955026 0.11834173453086176
1732023581959694336 -2280.462646 -48.005157 1681.0825810000001 -0.24745028645012543 0.8574084127738396 0.11821914170554337
1732023581993036032 -2279.599365 -48.82349 1697.064972 -0.2281079097180421 0.7595465490643349 0.09036622841443256
1732023582026377216 -2279.036621 -49.57362 1708.70282 -0.31889875395898926 0.8003843267121548 0.057162995738971045
1732023582059718912 -2278.36084 -50.406967 1720.0114139999998 -0.584436779313377 0.8873088215093361 0.021775466014385066
1732023582093060352 -2277.752197 -50.863342 1734.891785 -0.7138821606919059 0.8896254936349755 -0.06287248198670455
1732023582126401536 -2277.236328 -51.16275 1745.881042 -0.7271584546808354 0.8037729377097872 -0.06813162569605553
1732023582193084672 -2276.592285 -51.899601 1770.982727 -1.1366690066295762 0.6291818092128841 -0.023145742829890712
1732023582226426112 -2276.641357 -52.093014 1781.447083 -1.0311386059230887 0.5627282589713867 -0.01586520968460469
1732023582259767552 -2276.591797 -52.225254 1791.731201 -1.0026634244472539 0.5268807425644669 -0.06242740086616059
1732023582293109248 -2276.532227 -52.496738 1804.8873899999999 -0.9077873574048643 0.4081740325238876 -0.07253809785271269
1732023582326450688 -2276.476562 -52.321045 1814.569092 -0.8216518026363542 0.32424473378666685 -0.0893911107808562
1732023582393132800 -2276.566406 -51.471878 1836.822815 -0.8612466753661969 0.37088500402767943 -0.3492232011801136
1732023582426473472 -2276.557861 -51.072704 1846.025146 -0.7127396348045311 0.391338958913725 -0.44464093878520733
1732023582459815424 -2276.496582 -50.60302 1854.85907 -0.610983978658471 0.33717407657880066 -0.5863039286867617
1732023582526498048 -2276.937256 -49.087955 1874.378845 -0.2947467013122999 0.30436316172333727 -0.8512381211744207
1732023582593180672 -2277.67334 -48.126606 1890.1160280000001 -0.052613947987948016 0.3556983623902529 -1.055879569013266
1732023582693204736 -2278.760742 -46.316132 1915.337341 0.6018443910595196 0.40526926961307114 -1.380206932304629
1732023582759887872 -2279.269775 -45.470337 1926.6762079999999 1.0157930565296547 0.3273976998791924 -1.388897561229281
1732023582793229568 -2279.294922 -45.191936 1933.4582520000001 1.2222361002887308 0.34370530837887014 -1.320462232296188
1732023582826569728 -2279.631836 -44.343025 1938.486938 1.2451415265367258 0.36629552438738455 -1.2787427335191386
1732023582859911168 -2279.973389 -43.785606 1943.227844 1.2017134894862969 0.3366641917216547 -1.3301925172931859
1732023582893252608 -2280.143311 -43.989685 1948.690002 1.067180296264086 0.4906324335943461 -1.4395887254217679
1732023582926594048 -2280.416016 -43.539295 1952.830322 0.9606736143243438 0.4900046343278263 -1.473558167177313
1732023582959935488 -2280.919922 -43.393345 1956.3267210000001 0.9603529885331042 0.47001283911260505 -1.6000902863364566
1732023583093301248 -2282.521484 -43.730068 1967.3793329999999 1.1904543355962933 0.057238950450604266 -1.829540243809887
1732023583126642688 -2282.651855 -44.087959 1968.252686 1.2317275157543361 0.08078916073848862 -1.985861442832208
1732023583393372672 -2280.860107 -45.389904 1953.3793950000002 0.9380849968018916 0.1865600223459021 -2.206406678243531
1732023583493397504 -2280.013916 -45.505543 1936.424561 0.4995058166289487 -0.11246572867443563 -1.7961259938652157
1732023583660104448 -2278.888428 -45.138149 1898.9373170000001 0.5235516984030667 -0.05014802178902281 -1.8563455706053256
1732023583826810880 -2279.312012 -42.733219 1850.1091920000001 0.776761850792532 0.0695588609145422 -1.5407558007118367
1732023583926834688 -2280.137939 -42.096962 1817.024963 0.7710348121323781 0.20976343610581755 -1.3192083419452818
1732023583960176384 -2280.220703 -42.545265 1806.0657350000001 0.7338220182552382 0.2859005956704039 -1.3333443720983331
1732023583993517824 -2280.992188 -42.299473 1791.4376829999999 0.9291520130608771 0.2903657453808137 -1.2430139833298013
1732023584026859520 -2281.544922 -42.643631 1780.0021359999998 0.8834998538699771 0.37547642064914605 -1.2529306724822586
1732023584060200704 -2281.818604 -42.950493 1767.900208 1.0916994055696905 0.4139881484791248 -1.1429406102357966
1732023584093542400 -2282.495605 -43.328194 1751.563538 1.1996298600064843 0.5069549260680082 -1.079220081654115
1732023584126883840 -2283.063965 -43.257526 1739.0954590000001 1.333570598108653 0.4903410380479781 -0.9220091791478323
1732023584160224256 -2283.385742 -43.454178 1726.38446 1.2018083494682192 0.49480505784318285 -0.8710382791333308
1732023584226907136 -2284.2146 -44.539242 1696.2905269999999 0.9618221397854696 0.6669359004049433 -0.8499490862569471
1732023584260248320 -2284.38916 -45.069645 1683.2982789999999 0.9634518674584909 0.8034830750065196 -0.8969733444305661
1732023584326931456 -2284.07251 -46.73904 1653.149872 0.9287803521670931 1.007891624743705 -0.8970702644903825
1732023584360272896 -2283.937012 -48.042068 1640.305481 0.8875201766900079 1.047220039079041 -0.9076170188524684
1732023584393614336 -2283.707031 -49.499878 1623.603058 0.7988342113455 1.124630141061067 -0.9368315232546742
1732023584426956032 -2283.246338 -51.134579 1611.211304 0.5515000281731862 1.1929913933348053 -1.023653075744415
1732023584460297472 -2282.969971 -52.489567 1599.240814 0.26322392602468736 1.1787084462453543 -1.0376126402820176
1732023584493638912 -2282.470703 -54.69194 1583.609406 0.05677975062011505 1.190616174712762 -1.0793295060882895
1732023584526980352 -2282.184326 -56.495865 1571.941223 -0.10146088170421425 1.2037594664389342 -1.0527051752012457
1732023584560322048 -2281.775635 -58.188293 1560.70929 -0.08006818406089788 1.1788162954310535 -1.0121110481985502
1732023584593662720 -2281.27002 -60.443058 1545.676086 0.11259262505969204 0.9975615695415334 -0.9423952410376608
1732023584627003904 -2281.08252 -61.348434 1535.247681 -0.020175901810432672 0.8708564705050618 -0.8489558950608422
1732023584693687296 -2279.913818 -63.907299 1511.114227 -0.45630113417699936 0.7704747963936353 -0.5482501804034126
1732023584727028736 -2279.691162 -64.379639 1501.232147 -0.5990669114624771 0.6427582376102716 -0.3937711135159766
1732023584760370432 -2279.248535 -64.948074 1491.418427 -0.8608843241551882 0.5545143440384147 -0.21073423185258536
1732023584793711872 -2279.242188 -65.724632 1478.755035 -1.1153150821001052 0.5233570838329304 -0.05998971668247202
1732023584827053568 -2279.514404 -65.986443 1469.647095 -1.2708635128726862 0.4696370510373163 0.034159016115873214
1732023584860395008 -2279.834717 -66.117294 1460.814972 -1.3308004595021612 0.5062085046357746 -0.003959411767012535
1732023584893736704 -2280.546631 -66.297577 1449.753357 -1.1991615262084032 0.5558308648747903 -0.08016802747152853
1732023584927078400 -2281.083008 -66.514809 1441.803024 -1.2028995912728644 0.6680195024728328 -0.10600551269703001
1732023584960419840 -2281.67041 -66.316811 1434.356323 -1.1787980394377633 0.7579952779194524 -0.20784772164251003
1732023584993761536 -2282.623047 -65.988213 1424.764587 -1.0836273395047695 0.9620447467165392 -0.434361913491573
1732023585027102720 -2283.296387 -65.34182 1418.309998 -1.097405460362834 1.0473234376517777 -0.5587707869158697
1732023585060443648 -2283.855469 -64.449486 1412.216446 -1.2209577144948334 0.9972374758602965 -0.6118407725780424
1732023585093785088 -2284.592285 -63.554222 1404.928955 -1.5041998391324238 1.1328218055934873 -0.7225402425507158
1732023585127126784 -2284.986328 -63.015266 1399.890747 -1.6841713834830543 1.1494271469766415 -0.7928921066844147
1732023585160468480 -2285.361572 -62.418095 1395.373749 -1.6609115827488004 1.1862969168877717 -0.8207928541304054
1732023585193809920 -2285.790283 -61.853363 1389.9216000000001 -1.645647245085349 1.1755665152733965 -0.7886353708360707
1732023585227151616 -2286.048096 -61.034397 1386.202774 -1.5308783638545793 1.0698871109122856 -0.7232207912052702
1732023585260493312 -2286.293213 -60.084919 1382.959061 -1.5214965204999469 0.975087544081501 -0.6250878211406787
1732023585293834752 -2286.156738 -59.499176 1378.519379 -1.256668269951176 1.0782516216276208 -0.7663895966065112
1732023585327176448 -2285.984619 -58.52528 1375.897217 -1.1123456675814698 1.1855942179369732 -0.8023468663864153
1732023585360517888 -2285.804199 -57.459324 1373.503189 -1.0613301291327462 1.073851612528709 -0.6750229708610881
1732023585393859584 -2285.359131 -56.627625 1370.05925 -0.7965383043872653 1.0987796280990318 -0.7257594778884467
1732023585427201280 -2284.987061 -55.874146 1367.80513 -0.8662642612828113 1.0861300192285126 -0.7233000227293394
1732023585460542720 -2284.560059 -55.129894 1365.834793 -1.0459225552104288 1.0109902137775957 -0.7154731694374729
1732023585493883648 -2284.060303 -54.52158 1363.332458 -1.2116249631068203 0.8506951570695028 -0.7200296380626472
1732023585527225600 -2283.716553 -54.238903 1361.674744 -1.0217188834208188 0.7821569803417494 -0.7251714292777601
1732023585560566784 -2283.387939 -54.207767 1360.246017 -1.0099319357931926 0.6986923104497067 -0.7823997665733943
1732023585593908736 -2282.722656 -54.467216 1358.719894 -0.8520733865457472 0.47865321589754045 -0.7617454117563784
1732023585627250432 -2282.3479 -54.568375 1358.351151 -0.9309662920416781 0.43726623528855696 -0.7914006444020433
1732023585660592128 -2282.006592 -54.617619 1358.453613 -1.0672384926098406 0.35558746421168447 -0.7794817145542585
1732023585693934080 -2281.494385 -55.198872 1359.269379 -1.215803020676243 0.24894507624863185 -0.7928393923654518
1732023585727275520 -2281.118896 -55.726101 1360.470703 -1.2712393632133108 0.27792521158897937 -0.8868765730537783
1732023585760617216 -2280.672607 -56.173542 1362.280304 -1.4074853168406247 0.33091097349040144 -0.9134168924330908
1732023585793958912 -2280.218506 -57.009293 1365.746628 -1.3827229041327886 0.37946103524981556 -1.0219636053472003
1732023585827300864 -2279.867188 -57.433769 1369.00061 -1.3661527497895862 0.26409116543183425 -1.04445243681362
1732023585860642304 -2279.659668 -57.770184 1373.057266 -1.4270658290244964 0.26703849755517456 -1.0949940360946278
1732023585893984000 -2279.523193 -58.296074 1379.2130280000001 -1.4707997873651224 0.36293617898600394 -1.218314284889761
1732023585927324672 -2279.389893 -58.473427 1384.487732 -1.441800132335596 0.3948455033041771 -1.3126219364734448
1732023585960666624 -2279.251709 -58.593857 1390.117264 -1.2368480394510903 0.34950614166500665 -1.364903705724705
1732023585994008320 -2279.16748 -58.524807 1398.227631 -1.1768528947718735 0.4296292491162151 -1.4655298755681665
1732023586027350272 -2279.180908 -58.245869 1404.826508 -1.1075064276743896 0.34367349691616017 -1.4815242823334525
1732023586060691712 -2279.134277 -58.001659 1411.947739 -1.0692323880510126 0.35843459429312463 -1.5220363440452909
1732023586094033664 -2279.123291 -57.555916 1421.973557 -0.9933981137207151 0.38606960168111837 -1.5374710210661746
1732023586127375104 -2278.900879 -58.381744 1429.277496 -0.6511952147886145 0.7388292805842522 -1.825729541166942
1732023586160717056 -2278.994629 -58.278755 1437.646271 -0.4762350292519904 0.7332964158980043 -1.8253805906027214
1732023586194059008 -2279.516357 -57.327515 1449.765274 -0.3613223307552523 0.5078386037951594 -1.6650660052422384
1732023586227400704 -2279.667236 -57.346622 1458.861206 -0.18839394219776842 0.5367915110094413 -1.6494640765539499
1732023586260742400 -2279.876709 -57.609699 1468.43573 0.00990804407874654 0.5636357297527127 -1.5507450381082957
1732023586294084352 -2280.182373 -58.627514 1480.699951 0.38164251477858724 0.7443853431771711 -1.7374384263117424
1732023586327426048 -2280.578125 -58.882652 1490.534515 0.48144184098165343 0.7268159657024995 -1.7174387133783826
1732023586360767488 -2280.952881 -59.307163 1500.373749 0.5059999737490175 0.7198344874935761 -1.7018374410540156
1732023586394108672 -2281.508545 -59.96397 1513.697357 0.5321944003589091 0.7040290890751458 -1.635452629323314
1732023586427450368 -2282.284424 -59.377518 1524.582031 0.14008697319800742 0.3362906462323555 -1.315372243845522
1732023586460792064 -2282.596436 -60.050671 1535.174347 -0.004646518397530926 0.3819914374704742 -1.33365263255087
1732023586494133504 -2282.536377 -62.411469 1548.938782 0.16426691403354654 0.7415541856884201 -1.586646951551033
1732023586527475200 -2282.911621 -62.600239 1560.373047 -0.058139251894849794 0.5041844157347033 -1.2383089346068257
1732023586560816896 -2283.048828 -63.750328 1571.508514 -0.03317804604276518 0.5727278242109726 -1.26665175499807
1732023586594158336 -2283.047852 -65.138397 1586.51001 -0.11826478509121521 0.6083824085237017 -1.1369967814790547
1732023586627500032 -2282.97168 -65.996674 1597.610168 -0.1618530052555006 0.5848479799689417 -1.0782523823236325
1732023586660841984 -2282.77417 -66.957268 1608.822388 -0.30094462376749626 0.6685453287162487 -0.9225476387130368
1732023586694183424 -2282.446045 -68.255592 1623.4578549999999 -0.39903471598418183 0.7020972957698598 -0.8257112128491423
1732023586727525120 -2282.431152 -68.701187 1634.887665 -0.47358804281661904 0.7295183805959569 -0.7148312158833029
1732023586794208256 -2282.084473 -70.049126 1660.184998 -0.5155943973237098 0.6158357039859897 -0.5515565882859672
1732023586827549184 -2281.86499 -70.42366 1670.913361 -0.4631659070820926 0.5464354740993753 -0.5087583308044191
1732023586860890624 -2281.498779 -70.644569 1681.464874 -0.5607804409564611 0.5725094553687793 -0.5202722561874791
1732023586894232320 -2281.023926 -70.688972 1695.337616 -0.4175975650821657 0.5134163061097651 -0.5127726644573524
1732023586927574016 -2280.598389 -70.702042 1709.056702 -0.2274639932050175 0.618058875853151 -0.6029781608665736
1732023586960915456 -2280.371826 -70.468239 1715.830994 -0.13838172769597004 0.6198385181933297 -0.6574498064302707
1732023586994257408 -2279.401123 -69.86911 1729.253113 0.011468675446236238 0.5682155121402485 -0.6915369800640764
1732023587060940800 -2278.514648 -68.558266 1749.1136470000001 0.19615167948240933 0.5886186890951428 -0.9351601501836942
1732023587094282240 -2277.757812 -67.595383 1761.883728 0.23068704743184276 0.4998107885168001 -1.0930911821160967
1732023587127623936 -2277.022949 -66.674637 1771.14032 0.148871330059234 0.41437168453070183 -1.244701505635248
1732023587160965632 -2276.526855 -65.551674 1780.018188 0.1743909274538664 0.35342252279025166 -1.4082661938545542
1732023587194307072 -2275.600098 -64.454964 1791.3272709999999 0.12862243706322324 0.2091175496558972 -1.635416915708
1732023587227649024 -2275.05835 -63.296837 1799.483032 0.14226289145586427 0.10083815984765508 -1.7333121495575026
1732023587260989696 -2274.325195 -62.22456 1807.490601 0.15460117139617852 0.006744489633162132 -1.8766520374957485
1732023587294331136 -2273.463623 -60.835289 1817.7220459999999 0.19533996201980333 -0.18594456999930947 -1.9536617831736445
1732023587327673088 -2272.818359 -59.68367 1825.387878 0.13465265805115184 -0.29261184299135046 -2.028338045601431
1732023587361014272 -2272.236816 -58.83469 1832.862244 0.13246778411093849 -0.4036017516971179 -2.094061964971841
1732023587394356480 -2271.78418 -57.537464 1843.091797 0.1200290096333728 -0.4560983156092403 -2.1615645023117542
1732023587427697920 -2271.300293 -56.889717 1850.5054320000002 0.2262215017095476 -0.5056968651810216 -2.1854932064871333
1732023587461039872 -2271.259521 -56.782776 1857.55426 0.3737685976239021 -0.5062039244906896 -2.298951250355889
1732023587494381568 -2271.293457 -56.30489 1867.15155 0.5414158023855041 -0.49322917396393895 -2.3464201571899626
1732023587627748608 -2272.248779 -56.495674 1893.554016 0.8140976994822288 -0.32515601528339083 -2.3735090173215814
1732023587694432000 -2273.56665 -56.787617 1905.3957520000001 0.9364381060328936 -0.22065316159468182 -2.2309558429598066
1732023587727772672 -2274.211182 -57.231831 1909.845703 1.0483377987553497 -0.2288989258288502 -2.1374728997252506
1732023587761114624 -2274.88501 -57.398727 1914.292969 1.2421112442831754 -0.2791409621847144 -2.0713627991948114
1732023587794456320 -2275.818115 -57.83176 1919.672607 1.2272819295490964 -0.30837360101664274 -1.9886683626233306
1732023587827798016 -2276.587891 -57.963566 1923.365295 1.2389863486465822 -0.3886540441990458 -1.9319569141518886
1732023587861139968 -2277.312744 -58.14011 1926.765991 1.1407548318103147 -0.41247560851663745 -1.9300808506718257
1732023587894481408 -2278.206055 -58.106369 1930.97821 1.1596504329959292 -0.40095971003179914 -1.9379778620235817
1732023587927823104 -2278.89917 -58.019688 1933.860657 1.2168020218649214 -0.4052514033710108 -1.9261752062979915
1732023587961165312 -2279.385254 -57.769505 1936.527832 1.3033563303040752 -0.4148772874089758 -1.825858476866348
1732023587994506752 -2280.121826 -57.870712 1939.4589839999999 1.4764674309880539 -0.36686714692051337 -1.8985728051525366
1732023588027848704 -2280.554932 -57.379009 1941.408997 1.5502474712969165 -0.4451370704601815 -1.8274640171903738
1732023588061190400 -2280.811279 -57.189465 1942.618835 1.6854220289765083 -0.42014360726974775 -1.843791021358548
1732023588094532352 -2281.141113 -56.808258 1943.534668 1.7566565646320764 -0.3327234488239698 -1.945893247753334
1732023588127874048 -2281.472168 -56.297108 1943.731812 1.926707054185369 -0.38538947613546076 -2.001735631190229
1732023588161214720 -2281.621094 -56.00227 1943.395813 1.9837440266883157 -0.4091084605512358 -2.033515537982294
1732023588194556672 -2281.83252 -55.531086 1942.12793 2.0641336080070585 -0.43839973259095405 -2.0989913318697013
1732023588227898880 -2281.672852 -55.155121 1940.549561 2.149907347558567 -0.6010281724294791 -2.0804027401153107
1732023588261240320 -2281.829346 -54.621387 1938.770386 2.03798526141121 -0.6176768066556202 -2.13971801537046
1732023588294582272 -2282.212891 -54.306774 1935.2009890000002 2.0589833983231927 -0.5317486140393967 -2.310216777639554
1732023588327923968 -2282.186768 -54.273563 1931.838013 2.095358613515829 -0.44668133773809254 -2.363594800319036
1732023588361265920 -2282.101074 -54.28307 1927.868713 2.0049851149155695 -0.3238841864516414 -2.3764122946888837
1732023588394607872 -2281.876709 -54.251617 1922.0332640000001 1.8373993645316649 -0.13607535547927962 -2.302616686997068
1732023588427949312 -2281.857178 -54.07048 1916.8057250000002 1.8671964034311088 -0.11685965599814584 -2.209929546002723
1732023588461290752 -2281.78833 -54.093075 1910.921448 1.863937346824906 0.0820003639621339 -2.162927452694189
1732023588527973632 -2281.406494 -54.14613 1894.749878 1.9038748528678824 0.36004627218598606 -1.912815004579347
1732023588561314816 -2281.369873 -54.185741 1887.100342 1.8388286764114417 0.46771893380727275 -1.8676020101074953
1732023588594654720 -2281.405273 -54.335754 1876.575867 1.738478846595119 0.5802532679785608 -1.8910991459838322
1732023588627996416 -2281.315674 -54.391373 1868.376038 1.556947218972787 0.8081939529526976 -1.9135940393182838
1732023588661337600 -2281.081543 -54.473999 1859.933716 1.422324888009122 0.8205368121301041 -1.8453849693092863
1732023588694679040 -2281.057129 -54.61058 1847.9332889999998 1.4487391765668174 0.9469918913341545 -1.8758921954971512
1732023588728020224 -2280.897949 -54.979889 1838.335022 1.3967148055483432 0.9738035248750211 -1.867753677298733
1732023588761361664 -2280.686279 -55.132576 1828.700439 1.2464992505309747 1.0287591969076857 -1.7695146130356396
1732023588794703104 -2280.125488 -55.054558 1815.25415 1.2267023732376277 1.0444810191510558 -1.5717841582576093
1732023588828044288 -2280.125488 -54.702744 1805.065002 1.1496097724926946 1.081064624546063 -1.5044036569999535
1732023588861385472 -2279.812012 -54.783897 1794.237549 1.1621994961338022 0.968878498588059 -1.3765639218785592
1732023588894726656 -2279.624268 -54.937141 1779.567871 1.086787167117622 1.0350428555791706 -1.2723025977595575
1732023588928068096 -2279.359131 -54.982498 1768.59259 1.1653557814945132 0.9391155995460119 -1.111130330999887
1732023588961409280 -2279.272705 -55.297268 1757.454773 1.1109085967419092 0.8465229793329874 -0.9788795896786313
1732023588994750464 -2278.826172 -55.895477 1742.479187 1.1188791945332077 0.767551652097614 -0.7776492399080561
1732023589028091904 -2278.690674 -56.504551 1731.1005249999998 1.1025370715777352 0.6650392287946751 -0.6220556412968492
1732023589061432064 -2278.469971 -57.022144 1720.134583 1.0481759281937741 0.6743320869731213 -0.46583810599334186
1732023589094773504 -2278.315186 -57.935112 1705.170868 1.0384941476211678 0.6830350541281673 -0.3719231200955418
1732023589128114688 -2278.128418 -57.891853 1694.045135 0.9879655177266781 0.650047992560145 -0.24483399758706864
1732023589161455872 -2278.070801 -58.781273 1682.530304 1.0249028556226112 0.5846687598419807 -0.26489248139857374
1732023589194797056 -2277.895264 -59.598633 1667.360077 0.8395977611624041 0.8018463832959958 -0.3326362649423073
1732023589261479936 -2277.399414 -61.906548 1644.156097 0.5075755137616446 1.087711259195147 -0.5205631166766428
1732023589294820864 -2277.345703 -63.077648 1628.857208 0.43658078929055333 1.255524780150761 -0.6141920796442495
1732023589328162304 -2277.050293 -64.180603 1617.227142 0.4970803978553761 1.3966683549959262 -0.651133694052302
1732023589394844672 -2276.898682 -66.780586 1589.497192 0.9347647887006385 1.6630490049767983 -0.9938804112556942
1732023589428185856 -2276.715576 -67.587799 1577.809235 0.8109959356859744 1.6752143181228492 -0.9306346419286264
1732023589461527808 -2276.787109 -68.122925 1566.063934 0.6977839735318049 1.6823407698190893 -1.0277575292810603
1732023589494868736 -2277.165527 -69.177727 1550.116028 0.5381287411328751 1.6762961993692103 -1.337185710555968
1732023589528210432 -2277.240723 -69.577919 1538.350525 0.2301328622938688 1.652404551262224 -1.4343440444537705
1732023589594894080 -2277.862061 -69.625427 1511.888092 -0.40350523113460784 1.376271038212409 -1.627188887868961
1732023589628236032 -2277.990723 -69.292351 1501.018524 -0.6126530137148855 1.2795180141410634 -1.6200915244865461
1732023589661577984 -2277.973633 -69.130806 1490.312164 -0.6512879964317748 1.31801936703695 -1.6887237023583683
1732023589694919936 -2277.899902 -68.795357 1476.78241 -0.6383598432365858 1.441951241484916 -1.6990821103421563
1732023589728261120 -2278.125488 -68.267738 1467.008087 -0.6068366536913966 1.5286919605773173 -1.688079516640145
1732023589761603584 -2278.375244 -67.513588 1457.523132 -0.39545301591821796 1.444569158789294 -1.7309179368594712
1732023589794945280 -2278.617676 -66.65873 1445.78067 -0.5985509535873748 1.4609850927082073 -1.6659168458354923
1732023589828287232 -2278.546387 -66.21492 1437.606506 -0.7160598254233254 1.44927124299713 -1.6056981758088438
1732023589861629184 -2278.55835 -65.540924 1429.674255 -0.7957635262849528 1.3398468292906216 -1.5021905643933449
1732023589894970880 -2278.494629 -64.690727 1419.773117 -0.9084006475703206 1.2249098800555458 -1.3796245943079999
1732023589928312064 -2278.368652 -64.107178 1412.4050750000001 -0.9504605919007437 1.0723700929763453 -1.3122892218264557
1732023589961654016 -2278.335449 -63.544365 1405.565445 -1.046090068032833 0.9232457337177962 -1.2925239430422941
1732023589994995712 -2278.201172 -62.595287 1397.575134 -1.1761368821981444 0.7480802643513902 -1.3460263984809095
1732023590028337664 -2278.065918 -62.225636 1392.167099 -1.1493171610866202 0.6739300894196174 -1.4717977811333054
1732023590061679104 -2277.893066 -61.636929 1387.569443 -1.1565566650063899 0.622236899271238 -1.5773041259967482
1732023590095021568 -2277.453125 -61.355587 1382.5825810000001 -1.01610211115663 0.6585068816692665 -1.6375959021497297
1732023590128363264 -2277.039795 -61.143566 1379.585388 -0.8940245464995898 0.6939807015348264 -1.598626806327296
1732023590161705216 -2276.504395 -61.056599 1376.974716 -0.7449859247114831 0.7693342239259376 -1.5877936726226358
1732023590195047424 -2275.990723 -61.151115 1373.50415 -0.5653561344001763 0.7889121035312404 -1.4984141783095608
1732023590228389120 -2275.472168 -60.884964 1371.037689 -0.45533049403638803 0.792853160910544 -1.3209817231615877
1732023590261731072 -2275.065186 -61.136257 1368.515549 -0.47592480535834597 0.9049248809440811 -1.2901444412565601
1732023590295073024 -2274.725342 -61.095478 1365.834351 -0.39478469935179844 0.9925943669073932 -1.1611171407230865
1732023590328415232 -2274.552246 -61.380474 1363.939713 -0.3385130068788954 1.074509915401755 -1.1733197051917725
1732023590361756672 -2274.49707 -61.570953 1362.932571 -0.31219956999514525 1.113725192792112 -1.1721258728490138
1732023590395097856 -2274.419922 -62.331493 1361.927475 -0.2652602116904466 1.1295363069281739 -1.2391945738025651
1732023590428440064 -2274.45459 -62.690186 1361.884323 -0.31947821219932765 1.112525863121835 -1.2526625919356134
1732023590461781504 -2274.484863 -62.878288 1362.451096 -0.4235536938014979 1.0370052883109218 -1.243441830381962
1732023590495123456 -2274.486328 -63.107014 1364.209457 -0.526292038719097 0.9821498308671656 -1.2214219174081855
1732023590528465152 -2274.25708 -63.190022 1366.553619 -0.650754920557615 1.0573423083060085 -1.2223420939379759
1732023590561806848 -2274.145264 -63.278595 1369.846085 -0.7469004407508634 1.0581953105501458 -1.185275926815291
1732023590595148288 -2274.051514 -63.137989 1375.859222 -0.7538681787969431 0.9738381452371045 -1.1817902140704264
1732023590628490240 -2273.997559 -62.763142 1381.304977 -0.9256847174674915 0.9620850364040731 -1.1855290771523492
1732023590661831936 -2273.949951 -62.457977 1387.811996 -0.8976721558976662 0.9245477017414492 -1.2000917974087955
1732023590695173120 -2273.945801 -62.048058 1397.34166 -0.783023979708615 0.9233083140302677 -1.1987105916517835
1732023590728515072 -2273.712646 -62.07547 1404.952347 -0.6619164679072397 0.9235908927344139 -1.1829908283991524
1732023590761857280 -2273.649658 -61.550365 1413.307266 -0.6594781918497573 0.9918016962864317 -1.170278817346219
1732023590795198720 -2273.4375 -61.283691 1424.79274 -0.5430490552997344 1.1610560777609555 -1.2261761905588737
1732023590828539648 -2273.312988 -61.221615 1433.793518 -0.5367158433293362 1.2439139113638618 -1.2203278241356703
1732023590861881600 -2273.220459 -60.99469 1443.061401 -0.34086393682029975 1.1278280934713805 -1.1585235632005544
1732023590895223040 -2272.828857 -61.848595 1455.327545 0.13440454738848479 1.423040667816065 -1.5459173952725904
1732023590928564736 -2272.749512 -61.650631 1465.328613 0.15800065247001893 1.2649037129561864 -1.535188395142481
1732023590961906432 -2272.82959 -61.413467 1475.636444 0.1981087998405375 1.11457123694938 -1.5306951205731438
1732023590995248384 -2273.347656 -60.045441 1490.3706359999999 0.003569227955650156 0.7563829078533787 -1.3257764226519733
1732023591028590080 -2273.330322 -59.885906 1501.136383 0.10605964870968829 0.7111167355751172 -1.2947603427090844
1732023591061931520 -2273.223633 -59.659355 1512.311462 -0.042867886057760825 0.8974615718626566 -1.1637920154497605
1732023591095273472 -2273.122559 -59.210453 1527.247589 0.03450445986241966 0.7225224998517029 -0.9073645697315922
1732023591128615424 -2273.085205 -59.030132 1538.888062 0.19357850869287993 0.9014606403971327 -0.8764829729837522
1732023591161957120 -2272.808594 -59.275867 1550.347992 0.2873679834281436 1.0966453248531391 -0.785569896190577
1732023591195298816 -2272.60498 -59.37394 1565.777344 0.5236479080980779 1.2385669974909312 -0.5754662607953206
1732023591228640512 -2272.618408 -59.448376 1577.38913 0.6840614537299067 1.2722343908826657 -0.4247744282119681
1732023591261981184 -2272.652832 -59.610134 1588.728668 1.0457160328564439 1.2307381704060585 -0.29106469741627905
1732023591295323136 -2272.432373 -60.097698 1604.182861 1.0898259033810023 1.2819926264994 -0.012678428388916143
1732023591328664832 -2272.737305 -60.0439 1615.413391 1.1485975399542805 1.0921119964504256 0.11799644343086864
1732023591362006784 -2272.924316 -59.894955 1626.954071 1.1604231400315586 1.0519104109003055 0.25294547490021985
1732023591395348224 -2272.962402 -60.392586 1641.517822 1.225987181584471 0.9243946055378053 0.42060651815913325
1732023591428689920 -2272.899902 -60.482983 1652.4573970000001 1.2183775389955407 0.7980824422120457 0.5073039479645967
1732023591462031872 -2272.896973 -60.487789 1663.155304 1.2216073699182628 0.7033820094355185 0.5247644884760093
1732023591495373312 -2273.013184 -60.430531 1677.323425 1.1149295109982533 0.518664603714789 0.43407353906902973
1732023591528715008 -2273.057617 -60.390835 1687.815277 1.081203755280445 0.37482199867462274 0.3602120637300072
1732023591562056704 -2273.021729 -60.007069 1698.1136470000001 1.007391127157601 0.25557287717033483 0.24958520672265666
1732023591595397888 -2272.907227 -60.073727 1711.222992 0.9941545809651852 0.1595724961960611 -0.08817582003557652
1732023591628739840 -2272.941895 -59.886753 1720.750549 1.0401002836574722 0.04189092109982122 -0.3066087195894231
1732023591662081536 -2272.946045 -59.622742 1729.8261109999999 1.119915100628873 -0.07558146625138058 -0.524794902101915
1732023591695423232 -2273.013672 -59.146107 1741.842712 1.1257037269699484 -0.04922101031513228 -0.8519837247382254
1732023591728763904 -2273.068848 -59.064838 1750.334106 1.109541660351898 -0.007871565831304298 -1.0631310836564551
1732023591762105088 -2273.164551 -58.638363 1758.875 1.094987061337558 -0.005616777862169914 -1.2772843679208008
1732023591795447040 -2273.224609 -58.213573 1769.999573 0.9899375664484505 0.07942453358865159 -1.5016646463964638
1732023591828788480 -2273.650391 -57.379608 1778.5257569999999 0.9091952311419498 0.12988997498245886 -1.6747876657772187
1732023591862129920 -2273.771973 -57.085548 1786.541138 0.8549283628270122 0.16306492433582298 -1.7642469913436485
1732023591895471872 -2274.19165 -56.353065 1797.428162 0.6377243057587109 0.26125549154438 -1.923858007181704
1732023591928813568 -2274.240479 -55.727257 1805.6113890000001 0.4806807792786628 0.2633872474263711 -1.9340711405045858
1732023591962155008 -2274.547607 -55.046036 1813.557739 0.3841186809779535 0.2939167844784263 -2.0114630678650736
1732023591995496448 -2274.622803 -54.006859 1824.250549 0.3469189367012952 0.23176192534695556 -1.9087726821480253
1732023592062180096 -2275.129883 -52.607922 1840.711609 0.3804069697597806 0.06296289779597435 -1.8747792358010065
1732023592095521536 -2275.382568 -51.6376 1851.642456 0.5718422302417773 -0.09331364169829588 -1.7892324862526947
1732023592128862720 -2275.70752 -50.975208 1859.62738 0.826737223515074 -0.1781256796662457 -1.7635615722537115
1732023592162203648 -2275.945557 -50.442402 1867.538635 0.999313121523996 -0.3003283546907696 -1.7541393780002226
1732023592195545088 -2276.354004 -49.622654 1877.83374 1.2895641696174878 -0.31517178431116666 -1.7658202743538058
1732023592228887040 -2277.178467 -49.581078 1885.037842 1.4694096623979005 -0.3766650607422287 -1.9148141059230452
1732023592262228480 -2277.456055 -49.166286 1892.0123290000001 1.6479873794752977 -0.4513034910032785 -1.9579080765405665
1732023592295570432 -2277.861572 -48.332195 1901.211609 1.8615269110349897 -0.520082153103276 -1.9458238644672916
1732023592328911872 -2278.079102 -48.212032 1907.6282350000001 1.9613880740168923 -0.4102825736443416 -2.0787201785568157
1732023592362253312 -2278.138672 -48.00053 1913.893982 1.9708388195284825 -0.3910144794172235 -2.1344873651029537
1732023592395595008 -2278.304443 -47.599529 1921.63324 1.9400974584904263 -0.3043442302562387 -2.2780219836335585
1732023592428936704 -2278.358398 -47.349564 1927.259155 1.9386095778160357 -0.31953033857353635 -2.299010609218859
1732023592462278656 -2278.381592 -47.396778 1932.043762 2.1003138517959976 -0.2631135313332776 -2.387477605521614
1732023592495620608 -2278.480713 -47.367596 1937.518677 2.2496343395112888 -0.17502702198383538 -2.4904138561985887
1732023592528962048 -2278.491211 -47.309429 1941.071716 2.393074201190114 -0.16130110517572163 -2.514254654200687
1732023592562304000 -2278.706299 -47.162567 1944.1213380000002 2.439084007427119 -0.10565012888094198 -2.5988693823489646
1732023592595644672 -2278.688721 -46.938412 1947.343384 2.476527225308296 -0.0754437335396378 -2.5999503845783187
1732023592628986624 -2278.637939 -46.919411 1948.99469 2.4725082984160576 0.023452112321896278 -2.606473166282145
1732023592662328320 -2278.583252 -47.048733 1950.835083 2.357929660952366 0.03522463394992046 -2.579233791786418
1732023592695670016 -2278.577881 -47.243492 1952.211731 2.2922896161840316 0.02968519997732411 -2.553944226351823
1732023592729011968 -2278.481445 -47.566875 1953.220642 2.1871705064244185 -0.06737041449460943 -2.490386025826405
1732023592762353920 -2278.312256 -47.970757 1953.766113 2.1475934283666223 -0.04106729290644599 -2.392914194444247
1732023592795695872 -2277.922852 -48.513313 1953.844116 2.1513391924732828 0.009226991254157891 -2.320353887414824
1732023592829037568 -2277.686035 -48.913746 1953.225281 2.148355474135043 0.04183709844748941 -2.3181349359483447
1732023592862379264 -2277.570312 -49.148357 1951.956482 2.145765572988491 0.07638911407670448 -2.338023052515491
1732023592895721216 -2277.389404 -49.572189 1949.289673 2.033626843701063 0.026920667184607 -2.319245268579113
1732023592929063424 -2277.227051 -49.843426 1946.483459 1.987881369420762 -0.008136953928405175 -2.3216101978986368
1732023592962404864 -2277.114014 -49.894749 1943.249939 1.78237053597548 -0.03718168211815177 -2.2496711550344126
1732023592995746816 -2276.512207 -50.344273 1937.5292359999999 1.7304118382238087 -0.04290619374816988 -2.3064326886015
1732023593029088768 -2275.962646 -50.397984 1932.6536250000001 1.527800370204789 0.021067193182648755 -2.319267539248707
1732023593062429440 -2275.020752 -50.583481 1925.143372 1.2022581374892425 0.20179382482869385 -2.3875924233950054
1732023593195797248 -2273.367188 -50.119267 1894.8273319999998 1.383379091946262 0.5750581530497444 -2.5523441895554564
1732023593295822848 -2271.894287 -49.80196 1865.31134 1.4364281731006872 0.4858360392121612 -2.4492694642511306
1732023593329164288 -2271.342041 -49.506088 1855.5714110000001 1.3164648879785907 0.4975544229859791 -2.4165180745264996
1732023593362506496 -2270.669922 -49.3521 1845.4020389999998 1.0921092910778836 0.6240175539966405 -2.447644256100455
1732023593395848448 -2269.638916 -49.063995 1831.574646 0.934725246133223 0.8181650826056548 -2.4231363787333406
1732023593429189888 -2268.819336 -49.195267 1820.889954 0.9154486308252641 0.9263028065421692 -2.3496281879055108
1732023593462531840 -2268.38623 -49.132854 1810.327759 0.9736703948456514 1.2399169774022372 -2.3397231875243554
1732023593495872256 -2267.999756 -49.315689 1796.1976929999998 0.854341204356027 1.5612251843690466 -2.2962102313703174
1732023593529213696 -2267.697266 -49.757599 1785.1427 0.8824639466669041 1.7645913991264617 -2.3123420855354717
1732023593562555136 -2267.886475 -50.162525 1774.060852 1.0023675783521198 1.8942585523094033 -2.297954437347444
1732023593595896832 -2268.468506 -50.466839 1759.377991 1.1890352569805276 2.141304301649045 -2.2260056862400015
1732023593629238272 -2268.947998 -51.07621 1748.338867 0.9369649514938371 2.231891808198089 -2.2941749249571908
1732023593662579456 -2269.884033 -50.914257 1737.345642 0.774777264405679 2.2367756809931394 -2.2493841731333903
1732023593695921152 -2270.971924 -51.406921 1721.761719 0.5584292993878549 2.4132092549435122 -2.3896956887254794
1732023593762604032 -2272.541748 -51.407471 1697.754608 0.12867083473264368 2.223527000948013 -2.3118645665192044
1732023593829287168 -2274.505371 -52.119362 1669.1564329999999 0.1816662372406419 1.9390962019265792 -2.102883038944795
1732023593895970048 -2275.311523 -52.891338 1640.633606 0.12079442382694104 2.120699695042211 -1.7807927597198983
1732023593929310464 -2275.746094 -53.212818 1628.271637 0.17429388896917533 2.1909520536496494 -1.655562835011332
1732023593962651904 -2275.543457 -53.841934 1615.747131 0.03276237988723003 2.372316645567173 -1.5561334655350383
1732023593995993088 -2275.910645 -53.875618 1599.799591 -0.09930840129401493 2.379366360608457 -1.2830253340445104
1732023594029335040 -2275.966064 -54.462032 1587.684174 -0.43766439882677804 2.5784274732832984 -1.368422435958126
1732023594062676224 -2276.171631 -54.238403 1576.64325 -0.8378225344955 2.5347878442145833 -1.184387415726834
1732023594096017920 -2276.485596 -54.618183 1561.78183 -1.2204809831879824 2.50663001574861 -0.9634259558309688
1732023594129359104 -2276.466064 -55.474594 1550.639587 -1.2351990168283657 2.6880573177063702 -1.0811474393357676
1732023594162700288 -2276.72876 -55.411301 1540.131012 -1.3846662671978547 2.4861655954017694 -1.0274877204731785
1732023594262725120 -2276.258057 -56.710949 1506.125031 -0.8288521460971723 2.751201289440804 -1.1933960730038515
1732023594296066816 -2275.94165 -57.107277 1492.775635 -0.6152803450232396 2.7409709942970033 -1.3238553877119987
1732023594329408256 -2275.475098 -57.189507 1483.0545650000001 -0.6369402273136254 2.6942473329634757 -1.359931215408516
1732023594362749696 -2275.051758 -57.679504 1472.969757 -0.5773854300647101 2.7105468043021976 -1.4043189979826605
1732023594396090112 -2274.762451 -58.361351 1460.012817 -0.5091076955506001 2.6810645425741 -1.4375573515554532
1732023594429431552 -2274.24707 -58.941299 1450.745041 -0.5936642535594098 2.5550738092976752 -1.4510073756579374
1732023594462773248 -2273.946045 -59.722755 1442.14859 -0.7305989789669309 2.6209924888134757 -1.5079282430642944
1732023594496114688 -2273.637939 -60.75816 1431.348648 -0.6865221710274736 2.4285049753674373 -1.5236259314938443
1732023594529456896 -2273.32373 -61.896652 1424.434769 -0.6984271740169824 2.61278845933176 -1.6573298543459847
1732023594562798848 -2272.70752 -63.124687 1415.961563 -0.8495842823010664 2.569376643010291 -1.6604849936514083
1732023594596140288 -2272.242432 -64.134117 1410.22435 -1.0029529722016435 2.451158077126707 -1.5895010498605244
1732023594629482240 -2271.728027 -65.239624 1405.004013 -1.293256960714835 2.3693914990254816 -1.5429212902847107
1732023594662823936 -2271.289062 -66.317825 1400.471924 -1.4357970039493972 2.2883658505370965 -1.4534734791098969
1732023594696165888 -2270.840332 -67.292229 1395.134842 -1.7650981780755264 2.1605148626342285 -1.3180669724363339
1732023594729507584 -2270.264404 -68.353706 1391.477875 -1.8428340969729518 2.1843613952444354 -1.2099672129026184
1732023594762849280 -2269.726562 -69.340775 1388.302002 -1.786315942255821 2.2425477113841144 -1.1095954182311696
1732023594796191232 -2269.294678 -70.506973 1384.064331 -1.8535079343734426 2.272724617011928 -0.9946527700782345
1732023594829531904 -2269.068359 -71.016281 1381.393585 -1.9427228404737045 2.1182494475715785 -0.871302275333119
1732023594862873856 -2268.840576 -71.443611 1378.751999 -2.187758472577519 1.999510518973104 -0.7755196367075592
1732023594896215552 -2268.729492 -71.814079 1375.6544489999999 -2.181422181496122 1.8195776681958202 -0.7194519008620458
1732023594929557248 -2268.660889 -71.933716 1374.083466 -2.4172374313515776 1.787177325133702 -0.674887606806363
1732023594962899200 -2268.109863 -71.703102 1372.439926 -2.2214364005833698 1.591141351979873 -0.6034565429632411
1732023594996241408 -2267.81543 -71.58638 1371.855789 -2.176231806504743 1.6406651717166416 -0.6401155378315552
1732023595029583104 -2267.52124 -71.0177 1371.848358 -2.1175390639620506 1.6063614607086145 -0.6430097897716646
1732023595062924800 -2267.245361 -70.295868 1372.7049260000001 -2.175626606430886 1.7513859447584115 -0.7032585220556065
1732023595096266752 -2267.003906 -69.566162 1374.07666 -2.1348399672277467 1.746598133695101 -0.7139737415124673
1732023595129608448 -2266.677734 -68.803047 1375.719528 -2.0968274346086506 1.6641650041119653 -0.729205030944564
1732023595162950400 -2266.325439 -67.737686 1378.658157 -1.9030608539841019 1.5530132202992732 -0.8509470692984732
1732023595196291840 -2266.053955 -67.038116 1381.596588 -1.8605020404101764 1.6382107241228976 -0.9162846509710689
1732023595229634048 -2265.938965 -65.88604 1385.437759 -1.8848329532875365 1.5794323534724806 -0.9019286406349537
1732023595262974720 -2265.7146 -65.255508 1389.631165 -1.8268571710557506 1.5260161904527123 -0.9553438685646066
1732023595296316672 -2265.181885 -64.351234 1396.01828 -1.7649165062651528 1.4507709460299631 -1.06480038775755
1732023595329658624 -2264.88501 -63.897888 1401.211731 -1.6694208036530382 1.4670238780489573 -1.1883219367374769
1732023595363000320 -2264.500244 -63.006569 1409.189651 -1.4565746218562683 1.4053245923432702 -1.2317732309867437
1732023595396342272 -2264.333252 -62.223061 1415.888504 -1.3831441462690417 1.4219845622295222 -1.2087872714807955
1732023595429684224 -2264.010498 -61.783787 1422.39296 -1.1884588200019806 1.406856955124667 -1.2784214339133895
1732023595463026688 -2263.76416 -61.453484 1429.304276 -0.9155691027670807 1.4679249284594007 -1.3100576719306676
1732023595496369152 -2263.641113 -60.965733 1438.443527 -0.6667807876125036 1.3974782100452985 -1.3390457288238853
1732023595529711872 -2263.598877 -60.733753 1445.113785 -0.5778851874625863 1.377702146970748 -1.3441504230493886
1732023595563054336 -2263.479248 -60.512074 1451.381058 -0.4868064792624589 1.3803841177106697 -1.4047071593942804
1732023595596396800 -2263.579102 -60.073753 1458.3389280000001 -0.4146476882590121 1.3106463216421207 -1.5415058813120952
1732023595629739520 -2263.542236 -59.681156 1462.399292 -0.31933862425067994 1.2523738087262595 -1.618762324193641
1732023595663082240 -2263.51416 -59.371868 1465.0409240000001 -0.25467686560416736 1.2078920397011457 -1.7204390582664155
1732023595696424704 -2263.551025 -58.684898 1465.73584 -0.20985012488818366 1.1178731145290193 -1.8199535941796634
1732023595729766656 -2263.606934 -58.100742 1463.62561 -0.13746990355000555 1.0002017812202015 -1.8449524506304527
1732023595763109120 -2263.648438 -57.297302 1457.52063 0.07498752585273935 0.8730643435014707 -1.9230926663138894
1732023595796452096 -2263.616943 -57.00108 1450.813095 0.2180891655417707 0.8064551518382463 -1.962021373848151
1732023595829794304 -2263.63501 -56.415169 1443.277145 0.22769993108577352 0.7634825278688805 -2.011050385883665
1732023595863137280 -2263.65918 -55.986248 1432.320496 -0.022527159875444333 0.7625905625761462 -2.1617263938160765
1732023595896479488 -2263.776123 -55.594215 1424.342606 -0.18328247936100328 0.610034848238598 -2.1441175843828684
1732023595929822464 -2263.828613 -55.658798 1416.42511 -0.48392889921803467 0.47813323591145285 -2.1818099666041673
1732023595963164672 -2264.013428 -55.913013 1406.368179 -0.8774191804952497 0.2611042852656522 -2.112241846972983
1732023595996507904 -2264.332275 -56.232376 1399.116867 -1.1572779088818599 0.10901279502822112 -2.1122858930942607
1732023596029850624 -2264.472656 -56.412067 1392.271652 -1.424522289956836 -0.02628293339197946 -2.1231245094324738
1732023596063193088 -2264.689697 -56.606533 1384.284531 -1.9193122091011972 -0.11821711023246903 -2.1627472643548358
1732023596096535808 -2265.031982 -56.819523 1378.931931 -2.0598447051156126 -0.2772584839783704 -2.1771961225841263
1732023596129878784 -2265.219971 -57.406597 1373.998108 -2.1199616409041715 -0.37872634153080115 -2.208493653998682
1732023596163220480 -2265.555908 -58.030952 1368.393265 -2.22280950697224 -0.3857009320541155 -2.233017840099803
1732023596196562688 -2266.016113 -58.076393 1364.846954 -2.1268639470270716 -0.545174192274879 -2.2392547350094847
1732023596229905920 -2266.272217 -58.381203 1361.5000459999999 -2.1836922547583177 -0.6049400379325723 -2.3039817178949074
1732023596263248640 -2266.447021 -58.842072 1357.582565 -2.25518924601166 -0.6802228515885373 -2.421982857295748
1732023596296591104 -2266.468262 -59.214428 1354.667496 -2.4687521624422293 -0.6514168784185801 -2.5381662581542876
1732023596329934080 -2266.309814 -58.881222 1352.409653 -2.7480676003700513 -0.7081530887357261 -2.505099011867772
1732023596363277056 -2266.160156 -59.372528 1348.766205 -2.8333275388204178 -0.6518246685606562 -2.56962973153686
1732023596396619520 -2266.075195 -60.177338 1346.493835 -2.3713574525950825 -0.6053762074282053 -2.6374903952076507
1732023596429962496 -2265.906494 -61.070087 1345.071335 -1.6072396690899198 -0.4928618316700862 -2.7176240518401564
1732023596463303680 -2266.091309 -62.33374 1343.575226 -1.0434070570069738 -0.5111409531680132 -2.8500360108020035
1732023596496645120 -2266.53833 -63.131199 1342.591507 -0.766272165454429 -0.6964435356165413 -2.820425753425729
1732023596529986304 -2266.692139 -64.161392 1341.967621 -0.5316689266303118 -0.6130782414163854 -2.9258763506708876
1732023596563328256 -2266.985352 -65.038414 1341.965256 -0.5291004567705964 -0.5214926020649834 -2.9593367613890824
1732023596596668416 -2267.303955 -65.88385 1340.575912 -0.1627288064050103 -0.5787966569699804 -2.8965938258652604
1732023596630010112 -2266.954102 -66.496567 1340.3697809999999 0.04447662640127954 -0.5308941449296234 -2.9291005631921565
1732023596663351552 -2267.379639 -66.654037 1340.1232909999999 0.0712089489984846 -0.38589532586031117 -3.1302682334764738
1732023596696692736 -2266.936523 -65.888802 1340.151627 0.08198511921019536 -0.6100369613949809 -3.120706968627887
1732023596730034432 -2267.015869 -65.897514 1340.175003 0.09326340935380031 -0.6342919467722069 -3.1378369732391667
1732023596763375872 -2266.454346 -65.934685 1339.584457 0.5093310630773455 -1.0653486059721649 -2.9308088767760596
1732023596796717312 -2266.476807 -66.182159 1339.879288 0.28421124052274577 -0.858685091646145 -2.8423897507879516
1732023596830058496 -2266.489746 -66.361465 1339.740067 0.3843971542724149 -0.946340165095976 -2.793801633888146
1732023596863399936 -2266.4729 -66.245399 1339.863678 0.4578262503018951 -1.0836360731330863 -2.7114148809071477
1732023596896741632 -2266.705078 -64.898125 1340.617462 0.08646290098349442 -0.5728698073727997 -3.06666758622268
1732023596930083072 -2266.708984 -64.90229 1340.64267 0.08558014659285125 -0.5708836821922456 -3.072743639432267
1732023596963424768 -2266.708252 -64.929039 1340.6249540000001 0.08571648225641859 -0.5659245888756335 -3.0635011812178123
1732023596996765952 -2266.729004 -64.900749 1340.602585 0.09420416269456995 -0.5523384847189882 -3.0619222484296476
1732023597030107136 -2266.725342 -64.922729 1340.585861 0.0959247352114672 -0.5612925428077847 -3.065784608312905
1732023597063447808 -2266.737061 -64.930229 1340.589844 0.08211205239604903 -0.5428823675077638 -3.0681373530170712
1732023597096789248 -2266.873535 -64.807709 1340.651947 0.12787512606205415 -0.5674777620720474 -3.081100607139423
1732023597130130688 -2266.824951 -64.771713 1340.552658 0.14924489824712103 -0.5699240546175612 -3.098683682967625
1732023597163471872 -2266.769043 -65.018082 1340.473984 0.14730794654101126 -0.48491486685918483 -3.123187870581459
1732023597196813568 -2266.733398 -65.338051 1340.227936 -0.028738555920270737 -0.568083374397333 -3.0385768678561647
1732023597230155008 -2266.761475 -65.260048 1340.178513 -0.01781281327056643 -0.5840311141451965 -3.0631054945040757
1732023597263496448 -2266.549561 -67.252174 1338.95639 0.9425079700262424 -1.5446491135243825 -2.477139622330213
1732023597296837888 -2266.419922 -68.013924 1338.42691 0.7502494493753884 -1.7490077786087912 -2.306421048799178
1732023597330179072 -2266.891602 -65.918915 1339.902832 0.5397445141455587 -0.9534438207973681 -2.810010018994555
1732023597363520768 -2266.974854 -64.953568 1340.357986 0.1122419763407069 -0.5498038878415481 -3.1656387550373193
1732023597396861952 -2266.9729 -64.952103 1340.384689 0.11842808939311456 -0.5461049412799222 -3.1676150914482353
1732023597430203648 -2266.890137 -65.252327 1340.298004 0.18758445342482258 -0.5970167605582632 -3.0537997110872497
1732023597463544832 -2266.813477 -65.430023 1340.2124939999999 0.1444340785273336 -0.6307053336806686 -3.02570942171087
1732023597496885504 -2266.793945 -65.467155 1340.241608 0.12709484631700566 -0.6111306505102897 -3.0162896803004
1732023597530226688 -2266.705811 -65.435829 1340.263153 0.12462277219839993 -0.5972734757957713 -3.0026880087927745
1732023597563568384 -2266.664062 -65.426964 1340.369217 0.14616646378951503 -0.5948416127711822 -3.006526787384231
1732023597596910080 -2266.672363 -65.435234 1340.360031 0.14920619743182018 -0.6053496637402813 -2.9979820257992165
1732023597630251264 -2266.656982 -65.461296 1340.360657 0.15681884365962354 -0.597837551118765 -3.000162114993471
1732023597663592704 -2266.645996 -65.473816 1340.380585 0.1481075687380179 -0.5841574345260211 -3.0037094720304682
1732023597696933888 -2266.678223 -65.490501 1340.408417 0.1690305883654351 -0.5865069545951457 -3.0019287850830447
1732023597730275584 -2266.688232 -65.50219 1340.410599 0.16947712510910362 -0.5862537965376254 -3.0119139768584926
1732023597763617024 -2266.667969 -65.464813 1340.400482 0.16073537180311578 -0.5993389866967019 -3.0014760975096735
1732023597796958464 -2266.679199 -65.510254 1340.41333 0.17712780200410283 -0.5939381588952833 -3.010906499678866
1732023597830299904 -2266.708496 -65.519417 1340.389099 0.16887289426264146 -0.5922365341781415 -3.0088226313802218
1732023597863641600 -2266.704834 -65.465508 1340.444077 0.16478867850620066 -0.5787486293877914 -3.013855957056045
1732023597896982784 -2266.763184 -65.393028 1340.457809 0.19653750115491014 -0.5799466059250218 -3.0157712080468846
1732023597930323456 -2266.748291 -65.395592 1340.45343 0.18369142658388382 -0.5679785364744476 -3.0209327358803395
1732023597963664896 -2266.753418 -65.396324 1340.44545 0.1927664172982027 -0.5702667733566529 -3.0177698957709893
1732023597997006080 -2266.749268 -65.362984 1340.453918 0.1940637560901961 -0.5765358951415849 -3.0205138777253167
1732023598030347520 -2266.760986 -65.38858 1340.4485320000001 0.20087406787956022 -0.5804732763173566 -3.008995298472587
1732023598063688704 -2266.751709 -65.384827 1340.439529 0.19179013980037043 -0.5788065358854508 -3.018298024788788
1732023598097030656 -2266.729004 -65.382828 1340.457184 0.1950480473739079 -0.5728796109138695 -3.013167982841982
1732023598130371840 -2266.653809 -65.358421 1340.446136 0.21143139891821044 -0.5823126216508081 -3.0121515012545452
1732023598163713536 -2266.76123 -65.381256 1340.453339 0.21468959999437157 -0.6025272423276373 -3.0287370586515237
1732023598197054720 -2266.818604 -65.353424 1340.421509 0.221962408991696 -0.6078240140799177 -3.03825558599555
1732023598230395904 -2266.83667 -65.324791 1340.388062 0.23241476094588362 -0.6200263642589032 -3.050160402297764
1732023598263737600 -2266.851807 -65.323318 1340.378983 0.24522483909123635 -0.6315731252341218 -3.055737806593507
1732023598297079040 -2266.845215 -65.384033 1340.419815 0.20595200102305722 -0.60192036611698 -3.0329353472888685
1732023598330420480 -2266.827881 -65.396736 1340.444229 0.19593618597880363 -0.5850181307214428 -3.0288316451001562
1732023598363761920 -2266.779053 -65.362946 1340.432327 0.19876352966242652 -0.5780128399404382 -3.0237253793764847
1732023598397102336 -2266.80249 -65.375679 1340.452209 0.19545055827206284 -0.5832929001194334 -3.0213669687819027
1732023598430444032 -2266.799316 -65.381279 1340.402359 0.18155932511584363 -0.5850000409754694 -3.026261238826469
1732023598463785472 -2266.839111 -65.399925 1340.426941 0.2172851194197989 -0.607970240461169 -3.0420737921911316
1732023598497127680 -2266.843994 -65.37146 1340.361755 0.24112413747604652 -0.6203922276608955 -3.052503255913179
1732023598530469632 -2266.830078 -65.329399 1340.413071 0.2243820192431947 -0.6077377644086687 -3.051407671145023
1732023598563811840 -2266.756836 -65.458656 1340.339249 0.21440961278961496 -0.6389321275083474 -3.037019256313009
1732023598597153536 -2266.757568 -65.455093 1340.33931 0.20037730873867135 -0.6419721270853822 -3.035654854304245
1732023598630495488 -2266.731689 -65.420975 1340.364319 0.18840349539573736 -0.6187020082935324 -3.029717878004599
1732023598663837696 -2266.707275 -65.43364 1340.344421 0.18742200761033143 -0.6233116164904763 -3.0323611127401957
1732023598697179904 -2266.736328 -65.429764 1340.349457 0.1979685308574205 -0.6309683647082484 -3.0364516479538297
1732023598730521088 -2266.786621 -65.416756 1340.343765 0.20624059151115157 -0.6370206362152547 -3.0412148584797594
1732023598763863552 -2266.782715 -65.440788 1340.323441 0.22173635708836226 -0.653609931822505 -3.041856386121119
1732023598797205504 -2266.792969 -65.467331 1340.372482 0.20016859586907812 -0.6339852917361929 -3.0311041135675434
1732023598830546688 -2266.791504 -65.477638 1340.375916 0.19642991164682383 -0.6276374590697811 -3.0282875508595395
1732023598863888640 -2266.786865 -65.508095 1340.414856 0.1657084216192058 -0.598747011543895 -3.0285833390196295
1732023598897230336 -2266.777832 -65.510017 1340.388977 0.17029159046226636 -0.5969153317380523 -3.0207442260568755
1732023598930572288 -2266.760742 -65.514999 1340.416641 0.15853076834636937 -0.5904960025093721 -3.0134704303797735
1732023598963914752 -2266.709717 -65.502327 1340.432755 0.15928363250258054 -0.5803523161057825 -3.0166703707893316
1732023598997256448 -2266.718018 -65.472855 1340.428696 0.17830485212651206 -0.5941085894647924 -3.0103677871308245
1732023599030598656 -2266.708008 -65.499687 1340.429153 0.17972641305791323 -0.5930855638022714 -3.0186922347342375
1732023599063940864 -2266.726562 -65.466537 1340.423218 0.1824796180551735 -0.598192718719892 -3.0042869875243654
1732023599097282304 -2266.69458 -65.50325 1340.403885 0.1483643144414853 -0.5752511159854428 -3.0155740959275854
1732023599130624512 -2266.643066 -65.467361 1340.3752749999999 0.1884693360476031 -0.6087559774439946 -3.0056866284693564
1732023599163966720 -2266.722656 -65.456039 1340.358688 0.20150277786647208 -0.6236647832751343 -3.026271256395394
1732023599197308416 -2266.729492 -65.445175 1340.362244 0.20386929342917437 -0.6260731280311859 -3.0227894832241335
1732023599230650624 -2266.721436 -65.450493 1340.374771 0.18105545108373422 -0.60608547055901 -3.0261826832065353
1732023599263991808 -2266.716309 -65.392609 1340.403595 0.1720548894282317 -0.6028119141644628 -3.03728892916468
1732023599297333504 -2266.709961 -65.393196 1340.38765 0.18795354883738113 -0.617030686968437 -3.044658470842539
1732023599330675968 -2266.710205 -65.390396 1340.361755 0.18152427729687606 -0.6111936250647655 -3.0348874688521237
1732023599364017920 -2266.698486 -65.405769 1340.37114 0.18466977076451763 -0.604192544125668 -3.041260584969007
1732023599397359872 -2266.689697 -65.390976 1340.40834 0.17706557239481577 -0.5929677402019193 -3.0312151663328764
1732023599430702080 -2266.681152 -65.391235 1340.421906 0.1626515467763228 -0.5770140350167255 -3.02534591787072
1732023599464043520 -2266.709229 -65.483086 1340.420059 0.18319862884392799 -0.5949264560842527 -3.0101079797851304
1732023599497385472 -2266.787842 -65.403603 1340.458557 0.17996245132404884 -0.5741239388774478 -3.022473954038441
1732023599530727424 -2266.797607 -65.390373 1340.459122 0.18810309582747856 -0.5800986211785326 -3.0249951387853105
1732023599564068864 -2266.780273 -65.393303 1340.460815 0.1861039662655256 -0.5880219231714926 -3.0138113010087624
1732023599597410304 -2266.718506 -65.364265 1340.444824 0.21633454926803147 -0.5983131742765188 -3.019384643521505
1732023599630752512 -2266.869141 -65.314713 1340.4523159999999 0.19794464624398012 -0.5858398934742827 -3.0580488001355888
1732023599664094208 -2266.816895 -65.315475 1340.475174 0.16811009090876497 -0.5689158997123822 -3.035946519054713
1732023599697435136 -2266.795166 -65.292015 1340.483002 0.1708434594217037 -0.5541863610245621 -3.041585709655427
1732023599730776832 -2266.796387 -65.31385 1340.482712 0.18158573983017992 -0.5737223406026365 -3.0336989797934653
1732023599764118784 -2266.78125 -65.339699 1340.460617 0.18948367800490834 -0.5717333181647625 -3.0355431348520123
1732023599797460480 -2266.801514 -65.36644 1340.463913 0.17675391242680297 -0.5759402202669651 -3.03600254572965
1732023599830801920 -2266.751465 -65.427437 1340.422775 0.16283792567089814 -0.5890764820386964 -3.027461404745171
1732023599864143872 -2266.730225 -65.472641 1340.411163 0.1685155518323689 -0.5964047078312414 -3.007278379415583
1732023599897486080 -2266.724609 -65.486732 1340.421524 0.17729484159998493 -0.5927875912879556 -3.0102730554327013
1732023599930827520 -2266.731689 -65.477188 1340.405289 0.17372854922521183 -0.5957201148569268 -3.0098006730706994
1732023599964169472 -2266.760742 -65.419228 1340.440552 0.17962939555758609 -0.579390051214113 -3.014277961652531
1732023599997511168 -2266.739746 -65.392624 1340.482819 0.17932263686947147 -0.5672388749881978 -3.016893073437501
1732023600030853120 -2266.773438 -65.384605 1340.4673 0.1717945958701269 -0.566973512450276 -3.0206408065121293
1732023600064194816 -2266.770264 -65.372147 1340.466232 0.19745602778894458 -0.5809247479563419 -3.0165525653775838
1732023600097536512 -2266.756348 -65.384354 1340.485916 0.18352152999687438 -0.5609259217054184 -3.0241888121043212
1732023600130878464 -2266.800293 -65.318748 1340.487991 0.16599892251967532 -0.5592864913135173 -3.0317016356653395
1732023600164219136 -2266.782471 -65.328362 1340.478851 0.17712289329926573 -0.5609307474184079 -3.0403380751765336
1732023600197560832 -2266.791992 -65.328224 1340.481476 0.17663907787138536 -0.5683457782011969 -3.036103338395523
1732023600230902784 -2266.796875 -65.325729 1340.4845579999999 0.17463586239482917 -0.5648410936818619 -3.0382095809459893
1732023600264244224 -2266.784912 -65.363434 1340.494232 0.2016894290024846 -0.5835057748196395 -3.0181859150403065
1732023600297585920 -2266.776123 -65.380569 1340.471085 0.18854327094116632 -0.5768888256352785 -3.0155515638379637
1732023600330928128 -2266.772217 -65.393646 1340.4487 0.1916487776325479 -0.5711338266485954 -3.013347856341164
1732023600364269824 -2266.786621 -65.388527 1340.469864 0.1872704532278135 -0.5754821915917541 -3.0205639227370167
1732023600397611520 -2266.775146 -65.387856 1340.4641570000001 0.195001132164379 -0.5695517689831966 -3.0155421866817878
1732023600430953472 -2266.780518 -65.394623 1340.472733 0.19522364828409539 -0.5815523517603852 -3.019640150264989
1732023600464294912 -2266.769775 -65.368767 1340.472122 0.19098322194547798 -0.5705098412333987 -3.0210319050577055
1732023600497636352 -2266.77832 -65.403954 1340.452347 0.17185228657096369 -0.5667192953810075 -3.0163373767128254
1732023600530977536 -2266.780029 -65.392677 1340.463242 0.1847361278905172 -0.5718798574495431 -3.02008474346974
1732023600564318720 -2266.760254 -65.408035 1340.463852 0.19628838129832082 -0.5810402238265409 -3.0174651108901007
1732023600597659136 -2266.770264 -65.402451 1340.467728 0.18450929115671205 -0.5797999483723077 -3.0189790655331366
1732023600631000832 -2266.768799 -65.385925 1340.476318 0.16358582801283042 -0.5653830999133121 -3.0213729445099546
1732023600664342272 -2266.770752 -65.400383 1340.478531 0.19327370879403724 -0.5788270480733919 -3.016785663008106
1732023600697683456 -2266.769287 -65.397705 1340.467606 0.18417130615534857 -0.5760560782065877 -3.0170209634883127
1732023600731024640 -2266.766357 -65.381561 1340.475937 0.17786088848616263 -0.5671044530536555 -3.017660651441105
1732023600764366080 -2266.745117 -65.405182 1340.477722 0.16433651932705118 -0.5558740433832737 -3.021015450944005
1732023600797707520 -2266.760254 -65.405151 1340.475708 0.1899709547881607 -0.5775955082915134 -3.016392242780182
1732023600831048704 -2266.763916 -65.40081 1340.486191 0.18019085232091517 -0.5659511406399527 -3.0195634445154886
1732023600864389888 -2266.770996 -65.411842 1340.445923 0.18473323645306944 -0.5719962134676163 -3.018908811131125
1732023600897731584 -2266.772705 -65.403442 1340.465149 0.1938593203080826 -0.575539662416626 -3.0193064086843977
1732023600931073024 -2266.7771 -65.383934 1340.483917 0.18950999782550207 -0.5838562817595582 -3.017320048627651
1732023600964414464 -2266.771484 -65.386917 1340.460052 0.18949716148751056 -0.5753677861972311 -3.0193121090357495
1732023600997755648 -2266.825928 -65.333374 1340.473953 0.17642144975867333 -0.5676772365453481 -3.047661849204381
1732023601031096832 -2266.841064 -65.295959 1340.493774 0.1872609770527012 -0.5669452262543772 -3.057756646063677
1732023601064437504 -2266.820312 -65.271034 1340.460831 0.20299664322270636 -0.5811130489510276 -3.0614808068413173
1732023601097778432 -2266.742676 -65.298653 1340.457184 0.2113295118210722 -0.5883713670050549 -3.0444110239055195
1732023601131119872 -2266.777588 -65.336273 1340.475159 0.18954514043889442 -0.5773435297985855 -3.0408904919772795
1732023601164461056 -2266.801514 -65.338913 1340.487686 0.18732104203064068 -0.5679194211732168 -3.0360696758853316
1732023601197802752 -2266.790771 -65.352112 1340.472687 0.17533712027436166 -0.5610383458019385 -3.0380918647323423
1732023601231143936 -2266.786377 -65.30854 1340.52005 0.17608102625601965 -0.5531035894833776 -3.0398022322267764
1732023601264485120 -2266.750488 -65.321419 1340.489899 0.18340490145635252 -0.5556609378056618 -3.040359631551221
1732023601297826816 -2266.746826 -65.336128 1340.473389 0.18422549050724107 -0.5667680645314536 -3.036568918081526
1732023601331168000 -2266.74292 -65.296165 1340.497391 0.1724111084177916 -0.565186238570901 -3.0386582719934236
1732023601364509440 -2266.689941 -65.374588 1340.435898 0.20380411052445555 -0.5845411631789366 -3.0171377676790905
1732023601397850624 -2266.716309 -65.357491 1340.435898 0.198422632394633 -0.5930954920333871 -3.0085493660331175
1732023601431191808 -2266.734863 -65.375885 1340.446579 0.20583270159147887 -0.5867259861215806 -3.015775393361752
1732023601464533248 -2266.749268 -65.388397 1340.451996 0.2006042221016198 -0.5758783251834865 -3.019083040149308
1732023601497873664 -2266.765137 -65.396843 1340.446014 0.1922320079984484 -0.573785444272124 -3.0128395352366786
1732023601531215104 -2266.778564 -65.407143 1340.458191 0.19023384574271687 -0.5775006354545102 -3.0178281077040423
1732023601564556288 -2266.770264 -65.378441 1340.494003 0.18889972806646746 -0.5628209384327946 -3.0233309102383084
1732023601597897984 -2266.785645 -65.397011 1340.46814 0.19809499842078487 -0.5751982584845787 -3.0196429830379885
1732023601631239168 -2266.780518 -65.383148 1340.478287 0.1868413791321895 -0.5668353053128118 -3.0205159997224373
1732023601664580608 -2266.777832 -65.397446 1340.465714 0.19991361768196894 -0.5806886136839545 -3.0162208278103693
1732023601697922048 -2266.780029 -65.381386 1340.466797 0.1974988477785389 -0.5817862272178372 -3.0148911340499667
1732023601731263488 -2266.761719 -65.396317 1340.451553 0.18294685669083952 -0.572962165649977 -3.0177826287294347
1732023601764604928 -2266.776367 -65.371574 1340.482834 0.2006049170273353 -0.5761381363973989 -3.0178787439514423
1732023601797945856 -2266.780762 -65.381584 1340.474136 0.19878755251506602 -0.5778485498855052 -3.01807386916117
1732023601831287552 -2266.77832 -65.39135 1340.4496 0.1874230736781787 -0.5709731981244687 -3.023251801266017
1732023601864628736 -2266.745361 -65.315773 1340.461838 0.1976425224261715 -0.5804579029647563 -3.0384419441787798
1732023601897969920 -2266.744873 -65.314568 1340.431076 0.18450894049360853 -0.5781181846620538 -3.0331484782243474
1732023601931310336 -2266.724121 -65.34301 1340.4593810000001 0.19040876072860788 -0.5701499771244308 -3.0226923367162417
1732023601964651520 -2266.76416 -65.366562 1340.476822 0.18070777043086023 -0.5614926430316448 -3.020331725120635
1732023601997993472 -2266.761963 -65.376221 1340.471741 0.17104364793451513 -0.5554367863613291 -3.0230851642241445
1732023602031334656 -2266.760742 -65.382423 1340.466553 0.18135591784847366 -0.5602659105119763 -3.0245790038474
1732023602064676096 -2266.772949 -65.409088 1340.463699 0.19350821278581354 -0.5769788185588494 -3.021716586197263
1732023602098017536 -2266.786621 -65.366364 1340.467743 0.19373018447761456 -0.5699309668730188 -3.0343557544756004
1732023602131358720 -2266.744873 -65.368835 1340.4826659999999 0.1934222792460561 -0.5688143564732941 -3.0189754617060016
1732023602164699904 -2266.787109 -65.367035 1340.460266 0.17791206224337272 -0.5684315329112569 -3.032264796259723
1732023602198041088 -2266.786133 -65.361069 1340.453003 0.1784503284665191 -0.5625887437637889 -3.0389991488837174
